0;78
1;79
2;79
3;81
4;81
5;85
6;85
7;86
8;86
9;86
10;88
11;90
12;90
13;90
14;91
15;93
16;93
17;94
18;97
19;97
20;98
21;98
22;98
23;103
24;103
25;103
26;103
27;103
28;103
29;105
30;105
31;107
32;109
33;110
34;112
35;112
36;114
37;114
38;114
39;115
40;116
41;118
42;120
43;120
44;120
45;121
46;121
47;123
48;123
49;126
50;126
51;129
52;129
53;129
54;130
55;130
56;131
57;131
58;132
59;133
60;135
61;135
62;135
63;137
64;138
65;140
66;141
67;141
68;141
69;143
70;146
71;147
72;147
73;149
74;149
75;152
76;152
77;152
78;154
79;156
80;156
81;157
82;157
83;159
84;159
85;161
86;161
87;163
88;163
89;165
90;169
91;169
92;169
93;170
94;170
95;172
96;172
97;172
98;175
99;176
100;178
101;178
102;178
103;179
104;179
105;179
106;181
107;181
108;184
109;184
110;185
111;186
112;187
113;188
114;191
115;191
116;192
117;192
118;195
119;195
120;195
121;197
122;197
123;200
124;201
125;201
126;202
127;203
128;205
129;206
130;206
131;208
132;208
133;210
134;210
135;213
136;215
137;217
138;217
139;217
140;220
141;220
142;220
143;220
144;220
145;222
146;223
147;223
148;223
149;225
150;225
151;227
152;229
153;230
154;230
155;233
156;233
157;236
158;237
159;237
160;239
161;239
162;239
163;240
164;240
165;241
166;244
167;244
168;246
169;247
170;247
171;247
172;247
173;249
174;249
175;251
176;252
177;252
178;252
179;255
180;255
181;256
182;256
183;259
184;259
185;259
186;261
187;262
188;264
189;264
190;267
191;267
192;269
193;269
194;271
195;272
196;273
197;274
198;275
199;276
200;278
201;278
202;281
203;283
204;283
205;284
206;284
207;284
208;286
209;286
210;289
211;289
212;289
213;292
214;292
215;293
216;293
217;294
218;297
219;297
220;297
221;298
222;299
223;299
224;300
225;300
226;303
227;303
228;303
229;306
230;307
231;307
232;309
233;310
234;312
235;313
236;313
237;314
238;316
239;317
240;317
241;318
242;318
243;319
244;320
245;320
246;322
247;324
248;326
249;326
250;327
251;331
252;331
253;333
254;337
255;337
256;339
257;339
258;339
259;339
260;339
261;339
262;341
263;342
264;342
265;342
266;345
267;346
268;347
269;347
270;349
271;349
272;349
273;351
274;351
275;351
276;353
277;355
278;356
279;356
280;357
281;357
282;357
283;359
284;359
285;364
286;366
287;366
288;366
289;367
290;367
291;369
292;370
293;370
294;372
295;375
296;375
297;376
298;376
299;377
300;379
301;379
302;380
303;380
304;382
305;382
306;383
307;385
308;385
309;386
310;386
311;387
312;389
313;390
314;390
315;393
316;396
317;396
318;397
319;397
320;397
321;397
322;399
323;400
324;402
325;402
326;404
327;406
328;406
329;406
330;408
331;408
332;409
333;409
334;411
335;411
336;415
337;415
338;418
339;419
340;419
341;420
342;420
343;423
344;423
345;423
346;423
347;425
348;425
349;426
350;426
351;428
352;435
353;435
354;435
355;435
356;437
357;437
358;438
359;438
360;440
361;443
362;443
363;444
364;444
365;447
366;447
367;447
368;448
369;450
370;450
371;454
372;454
373;454
374;454
375;454
376;456
377;456
378;456
379;456
380;459
381;459
382;464
383;464
384;465
385;468
386;468
387;468
388;469
389;469
390;472
391;472
392;473
393;473
394;475
395;475
396;477
397;477
398;478
399;478
400;479
401;479
402;482
403;482
404;483
405;486
406;486
407;488
408;488
409;491
410;491
411;492
412;492
413;492
414;496
415;496
416;500
417;500
418;502
419;502
420;503
421;505
422;505
423;505
424;506
425;506
426;506
427;510
428;510
429;510
430;510
431;513
432;515
433;515
434;517
435;517
436;517
437;517
438;520
439;521
440;521
441;523
442;524
443;524
444;525
445;525
446;527
447;527
448;527
449;529
450;529
451;532
452;532
453;533
454;533
455;534
456;536
457;536
458;536
459;539
460;539
461;539
462;541
463;541
464;541
465;541
466;542
467;543
468;545
469;545
470;546
471;546
472;547
473;549
474;552
475;552
476;555
477;555
478;557
479;558
480;559
481;560
482;561
483;561
484;562
485;563
486;563
487;564
488;568
489;568
490;570
491;572
492;572
493;572
494;572
495;572
496;575
497;577
498;577
499;577
500;578
501;580
502;581
503;582
504;582
505;584
506;584
507;585
508;585
509;587
510;587
511;590
512;590
513;590
514;592
515;592
516;595
517;595
518;597
519;597
520;601
521;601
522;601
523;601
524;602
525;602
526;603
527;606
528;606
529;606
530;607
531;607
532;608
533;608
534;608
535;609
536;612
537;613
538;613
539;615
540;615
541;616
542;616
543;618
544;619
545;619
546;622
547;623
548;624
549;624
550;624
551;626
552;628
553;628
554;628
555;630
556;630
557;630
558;633
559;635
560;635
561;637
562;639
563;643
564;643
565;643
566;643
567;644
568;646
569;646
570;646
571;648
572;649
573;649
574;651
575;652
576;652
577;654
578;655
579;656
580;656
581;656
582;659
583;660
584;662
585;662
586;662
587;664
588;668
589;668
590;668
591;670
592;672
593;672
594;673
595;673
596;673
597;674
598;677
599;677
600;678
601;679
602;681
603;681
604;681
605;681
606;684
607;684
608;685
609;686
610;687
611;689
612;689
613;690
614;690
615;692
616;693
617;693
618;694
619;696
620;696
621;700
622;700
623;700
624;701
625;701
626;705
627;705
628;708
629;708
630;708
631;710
632;710
633;712
634;714
635;714
636;714
637;718
638;718
639;720
640;720
641;724
642;724
643;725
644;726
645;726
646;728
647;728
648;728
649;728
650;729
651;729
652;731
653;731
654;731
655;733
656;733
657;734
658;735
659;735
660;735
661;737
662;741
663;743
664;743
665;743
666;745
667;745
668;746
669;747
670;747
671;749
672;752
673;752
674;752
675;753
676;756
677;756
678;758
679;758
680;759
681;759
682;761
683;762
684;763
685;763
686;764
687;764
688;765
689;766
690;768
691;769
692;770
693;771
694;772
695;774
696;775
697;775
698;777
699;777
700;777
701;777
702;780
703;780
704;781
705;783
706;783
707;785
708;785
709;786
710;788
711;788
712;790
713;790
714;790
715;791
716;791
717;793
718;793
719;794
720;795
721;800
722;800
723;800
724;800
725;802
726;802
727;803
728;804
729;804
730;806
731;806
732;809
733;809
734;810
735;810
736;810
737;812
738;814
739;816
740;817
741;818
742;818
743;818
744;820
745;821
746;822
747;824
748;824
749;824
750;827
751;828
752;831
753;831
754;832
755;836
756;836
757;837
758;837
759;839
760;839
761;841
762;841
763;841
764;843
765;843
766;845
767;845
768;848
769;848
770;848
771;853
772;854
773;854
774;854
775;857
776;857
777;858
778;858
779;858
780;858
781;860
782;861
783;861
784;861
785;863
786;865
787;865
788;865
789;866
790;868
791;868
792;868
793;869
794;871
795;871
796;873
797;873
798;874
799;876
800;879
801;879
802;879
803;879
804;880
805;882
806;882
807;884
808;885
809;885
810;888
811;890
812;890
813;890
814;891
815;891
816;891
817;892
818;892
819;893
820;895
821;895
822;895
823;897
824;899
825;900
826;900
827;902
828;902
829;903
830;907
831;907
832;907
833;908
834;909
835;911
836;913
837;913
838;913
839;915
840;916
841;918
842;918
843;918
844;918
845;920
846;921
847;921
848;921
849;924
850;925
851;928
852;928
853;930
854;930
855;931
856;931
857;934
858;935
859;935
860;936
861;938
862;939
863;940
864;940
865;942
866;942
867;943
868;943
869;945
870;945
871;946
872;946
873;948
874;949
875;951
876;951
877;951
878;952
879;953
880;954
881;955
882;956
883;959
884;961
885;962
886;962
887;963
888;963
889;965
890;967
891;967
892;972
893;972
894;972
895;972
896;972
897;972
898;973
899;976
900;978
901;979
902;979
903;979
904;980
905;982
906;983
907;983
908;986
909;986
910;988
911;988
912;990
913;990
914;992
915;993
916;996
917;997
918;998
919;998
