0;67
1;69
2;70
3;71
4;72
5;72
6;73
7;75
8;76
9;80
10;80
11;81
12;83
13;83
14;83
15;84
16;86
17;86
18;86
19;86
20;88
21;90
22;93
23;94
24;94
25;94
26;94
27;94
28;96
29;96
30;98
31;98
32;99
33;101
34;102
35;102
36;104
37;104
38;105
39;105
40;107
41;107
42;110
43;111
44;111
45;111
46;114
47;114
48;115
49;115
50;115
51;116
52;117
53;120
54;120
55;124
56;125
57;125
58;125
59;126
60;127
61;128
62;130
63;132
64;134
65;134
66;134
67;135
68;135
69;136
70;138
71;140
72;140
73;143
74;143
75;147
76;149
77;149
78;149
79;151
80;151
81;152
82;152
83;153
84;153
85;153
86;156
87;156
88;157
89;161
90;161
91;163
92;163
93;163
94;163
95;164
96;164
97;165
98;165
99;167
100;168
101;168
102;173
103;174
104;174
105;174
106;174
107;174
108;176
109;177
110;178
111;182
112;182
113;182
114;184
115;184
116;186
117;188
118;188
119;189
120;189
121;191
122;191
123;192
124;192
125;194
126;194
127;197
128;197
129;198
130;199
131;200
132;201
133;201
134;202
135;204
136;205
137;207
138;207
139;209
140;209
141;210
142;211
143;212
144;214
145;215
146;215
147;215
148;218
149;219
150;219
151;219
152;219
153;220
154;221
155;223
156;226
157;226
158;228
159;228
160;230
161;230
162;233
163;233
164;233
165;233
166;234
167;234
168;237
169;237
170;239
171;239
172;242
173;244
174;244
175;246
176;246
177;247
178;249
179;249
180;251
181;251
182;252
183;252
184;255
185;257
186;258
187;259
188;261
189;261
190;261
191;262
192;262
193;263
194;263
195;264
196;264
197;266
198;266
199;266
200;268
201;273
202;273
203;275
204;275
205;276
206;276
207;276
208;278
209;280
210;281
211;282
212;282
213;283
214;290
215;290
216;292
217;292
218;292
219;292
220;292
221;294
222;294
223;294
224;294
225;296
226;296
227;296
228;298
229;299
230;300
231;300
232;301
233;301
234;303
235;304
236;308
237;310
238;311
239;311
240;313
241;313
242;313
243;314
244;316
245;316
246;318
247;318
248;318
249;319
250;319
251;323
252;324
253;325
254;325
255;326
256;327
257;327
258;327
259;328
260;328
261;329
262;329
263;332
264;332
265;334
266;334
267;337
268;337
269;339
270;341
271;341
272;341
273;343
274;346
275;346
276;346
277;348
278;348
279;349
280;349
281;349
282;351
283;353
284;353
285;354
286;354
287;357
288;357
289;360
290;362
291;362
292;362
293;363
294;363
295;365
296;365
297;366
298;368
299;368
300;369
301;372
302;373
303;373
304;375
305;375
306;377
307;377
308;380
309;380
310;380
311;381
312;382
313;383
314;385
315;385
316;385
317;389
318;389
319;389
320;390
321;391
322;393
323;393
324;393
325;394
326;395
327;398
328;400
329;400
330;402
331;403
332;403
333;403
334;404
335;404
336;404
337;404
338;406
339;407
340;408
341;409
342;409
343;410
344;410
345;411
346;414
347;414
348;415
349;416
350;418
351;420
352;423
353;423
354;423
355;425
356;425
357;426
358;428
359;430
360;431
361;431
362;433
363;433
364;434
365;435
366;435
367;436
368;437
369;438
370;440
371;440
372;442
373;442
374;445
375;446
376;446
377;446
378;447
379;447
380;447
381;450
382;450
383;451
384;453
385;453
386;454
387;454
388;456
389;457
390;457
391;459
392;461
393;461
394;463
395;464
396;466
397;466
398;466
399;469
400;470
401;470
402;470
403;472
404;472
405;473
406;473
407;475
408;477
409;477
410;478
411;479
412;482
413;482
414;482
415;484
416;485
417;489
418;489
419;489
420;492
421;493
422;494
423;495
424;497
425;497
426;498
427;498
428;501
429;501
430;501
431;501
432;503
433;503
434;504
435;504
436;504
437;506
438;506
439;506
440;508
441;508
442;509
443;510
444;510
445;514
446;514
447;516
448;516
449;518
450;520
451;520
452;521
453;522
454;522
455;524
456;524
457;525
458;526
459;526
460;528
461;528
462;529
463;529
464;530
465;532
466;535
467;538
468;538
469;538
470;538
471;538
472;538
473;539
474;541
475;544
476;544
477;545
478;547
479;549
480;551
481;551
482;551
483;551
484;554
485;554
486;556
487;558
488;558
489;559
490;561
491;561
492;562
493;564
494;564
495;564
496;564
497;566
498;567
499;569
500;570
501;570
502;571
503;572
504;575
505;576
506;576
507;577
508;579
509;580
510;580
511;580
512;581
513;582
514;583
515;583
516;586
517;586
518;589
519;589
520;589
521;589
522;594
523;594
524;596
525;596
526;599
527;599
528;601
529;601
530;601
531;602
532;602
533;604
534;605
535;606
536;606
537;607
538;610
539;610
540;612
541;612
542;614
543;615
544;617
545;617
546;619
547;619
548;619
549;619
550;621
551;621
552;621
553;621
554;622
555;628
556;628
557;630
558;633
559;633
560;633
561;634
562;634
563;636
564;636
565;636
566;638
567;639
568;639
569;641
570;642
571;642
572;645
573;646
574;646
575;646
576;647
577;647
578;647
579;650
580;650
581;652
582;652
583;652
584;652
585;654
586;654
587;654
588;655
589;655
590;656
591;656
592;659
593;659
594;662
595;662
596;662
597;663
598;664
599;666
600;668
601;668
602;669
603;669
604;670
605;672
606;675
607;676
608;676
609;676
610;679
611;679
612;680
613;683
614;683
615;683
616;683
617;683
618;686
619;686
620;688
621;688
622;689
623;689
624;691
625;694
626;694
627;694
628;695
629;697
630;698
631;699
632;700
633;700
634;702
635;702
636;703
637;707
638;707
639;709
640;709
641;714
642;716
643;716
644;717
645;717
646;717
647;717
648;718
649;718
650;718
651;721
652;721
653;723
654;724
655;725
656;728
657;728
658;729
659;730
660;732
661;732
662;732
663;734
664;736
665;736
666;736
667;736
668;736
669;738
670;738
671;740
672;743
673;743
674;743
675;743
676;745
677;748
678;748
679;749
680;751
681;752
682;755
683;755
684;755
685;755
686;757
687;760
688;760
689;763
690;765
691;765
692;768
693;770
694;770
695;770
696;772
697;772
698;773
699;773
700;773
701;774
702;774
703;774
704;774
705;774
706;776
707;778
708;778
709;779
710;779
711;781
712;781
713;783
714;785
715;786
716;788
717;789
718;789
719;790
720;790
721;791
722;791
723;792
724;796
725;802
726;802
727;804
728;804
729;806
730;806
731;807
732;809
733;809
734;812
735;812
736;816
737;816
738;817
739;817
740;817
741;817
742;818
743;818
744;820
745;820
746;824
747;824
748;827
749;827
750;829
751;829
752;833
753;833
754;836
755;836
756;838
757;838
758;839
759;839
760;839
761;845
762;845
763;848
764;849
765;849
766;849
767;852
768;852
769;852
770;855
771;855
772;856
773;859
774;860
775;860
776;860
777;860
778;860
779;861
780;861
781;861
782;862
783;862
784;864
785;864
786;866
787;866
788;866
789;866
790;866
791;866
792;866
793;866
794;866
795;866
796;868
797;868
798;868
799;868
800;868
801;869
802;870
803;873
804;873
805;877
806;877
807;881
808;881
809;881
810;881
811;883
812;883
813;885
814;885
815;889
816;889
817;890
818;890
819;893
820;893
821;893
822;895
823;898
824;899
825;899
826;902
827;902
828;904
829;904
830;904
831;907
832;907
833;908
834;908
835;908
836;908
837;908
838;908
839;911
840;911
841;913
842;913
843;915
844;915
845;918
846;918
847;918
848;918
849;918
850;920
851;920
852;922
853;924
854;928
855;928
856;929
857;929
858;929
859;933
860;933
861;933
862;935
863;935
864;935
865;935
866;939
867;939
868;940
869;940
870;943
871;943
872;943
873;945
874;945
875;948
876;948
877;949
878;949
879;951
880;951
881;953
882;953
883;954
884;955
885;956
886;956
887;956
888;960
889;960
890;960
891;961
892;963
893;963
894;965
895;965
896;965
897;967
898;967
899;970
900;972
901;972
902;972
903;973
904;975
905;975
906;976
907;976
908;978
909;978
910;981
911;981
912;983
913;983
914;985
915;985
916;986
917;988
918;989
919;990
920;990
921;993
922;993
923;997
924;997
925;997
926;998
927;998
928;1000
929;1000
