0;75
1;75
2;75
3;76
4;76
5;80
6;80
7;80
8;82
9;82
10;82
11;83
12;86
13;86
14;88
15;88
16;91
17;93
18;93
19;93
20;95
21;95
22;95
23;96
24;96
25;97
26;97
27;97
28;100
29;100
30;103
31;104
32;104
33;105
34;107
35;109
36;109
37;112
38;112
39;115
40;115
41;115
42;117
43;117
44;117
45;120
46;122
47;122
48;122
49;124
50;125
51;127
52;127
53;127
54;127
55;128
56;130
57;130
58;131
59;131
60;132
61;134
62;136
63;136
64;138
65;140
66;140
67;140
68;140
69;141
70;142
71;145
72;147
73;147
74;148
75;148
76;148
77;150
78;151
79;151
80;155
81;155
82;156
83;156
84;157
85;158
86;161
87;161
88;162
89;162
90;164
91;166
92;166
93;167
94;168
95;171
96;171
97;172
98;172
99;174
100;175
101;175
102;177
103;177
104;179
105;179
106;179
107;181
108;181
109;183
110;184
111;184
112;185
113;186
114;189
115;189
116;189
117;191
118;193
119;195
120;195
121;196
122;196
123;198
124;198
125;199
126;200
127;201
128;204
129;204
130;204
131;206
132;206
133;208
134;209
135;209
136;209
137;209
138;210
139;211
140;211
141;211
142;213
143;216
144;216
145;218
146;218
147;218
148;219
149;219
150;222
151;224
152;225
153;225
154;226
155;227
156;229
157;229
158;231
159;232
160;234
161;235
162;235
163;235
164;237
165;237
166;242
167;242
168;244
169;245
170;245
171;245
172;245
173;249
174;249
175;250
176;250
177;251
178;251
179;251
180;253
181;253
182;255
183;256
184;258
185;258
186;259
187;261
188;261
189;261
190;263
191;265
192;267
193;268
194;270
195;270
196;272
197;272
198;272
199;272
200;274
201;274
202;274
203;275
204;277
205;278
206;280
207;280
208;280
209;281
210;283
211;283
212;283
213;284
214;285
215;287
216;289
217;289
218;289
219;290
220;291
221;295
222;295
223;295
224;296
225;298
226;299
227;299
228;299
229;302
230;303
231;303
232;303
233;308
234;309
235;309
236;310
237;310
238;310
239;314
240;314
241;315
242;315
243;319
244;319
245;322
246;322
247;324
248;324
249;326
250;327
251;327
252;327
253;327
254;327
255;329
256;329
257;330
258;332
259;332
260;333
261;335
262;335
263;336
264;336
265;340
266;340
267;340
268;342
269;342
270;345
271;347
272;350
273;350
274;350
275;350
276;350
277;352
278;352
279;354
280;355
281;356
282;357
283;357
284;358
285;361
286;362
287;362
288;362
289;363
290;364
291;364
292;367
293;368
294;368
295;370
296;370
297;372
298;373
299;374
300;374
301;375
302;376
303;377
304;379
305;379
306;381
307;382
308;385
309;385
310;385
311;387
312;387
313;389
314;389
315;391
316;391
317;392
318;393
319;393
320;395
321;395
322;398
323;398
324;398
325;400
326;400
327;401
328;404
329;404
330;407
331;407
332;408
333;410
334;410
335;412
336;412
337;414
338;414
339;415
340;415
341;415
342;418
343;420
344;420
345;421
346;421
347;421
348;423
349;425
350;425
351;427
352;427
353;428
354;429
355;429
356;431
357;431
358;434
359;434
360;434
361;434
362;435
363;436
364;437
365;437
366;440
367;441
368;441
369;443
370;445
371;447
372;447
373;447
374;451
375;451
376;452
377;456
378;456
379;456
380;456
381;456
382;458
383;458
384;459
385;459
386;459
387;460
388;461
389;463
390;466
391;467
392;468
393;470
394;470
395;471
396;473
397;473
398;474
399;474
400;475
401;475
402;475
403;477
404;477
405;477
406;479
407;479
408;481
409;483
410;483
411;485
412;486
413;487
414;488
415;490
416;490
417;490
418;492
419;494
420;494
421;496
422;497
423;497
424;498
425;499
426;501
427;501
428;501
429;503
430;505
431;507
432;507
433;507
434;509
435;510
436;510
437;515
438;515
439;518
440;518
441;519
442;519
443;519
444;519
445;519
446;524
447;524
448;524
449;524
450;525
451;525
452;526
453;526
454;528
455;529
456;530
457;531
458;533
459;534
460;534
461;536
462;536
463;536
464;537
465;539
466;539
467;544
468;546
469;546
470;546
471;546
472;548
473;548
474;551
475;551
476;553
477;555
478;555
479;555
480;558
481;559
482;559
483;559
484;560
485;560
486;563
487;567
488;567
489;567
490;567
491;567
492;567
493;569
494;572
495;572
496;572
497;574
498;574
499;574
500;575
501;575
502;575
503;578
504;578
505;579
506;580
507;580
508;581
509;581
510;582
511;584
512;589
513;589
514;589
515;592
516;594
517;595
518;595
519;595
520;595
521;595
522;597
523;601
524;601
525;606
526;606
527;606
528;606
529;606
530;606
531;606
532;607
533;607
534;608
535;608
536;610
537;610
538;611
539;613
540;613
541;616
542;616
543;618
544;618
545;618
546;618
547;621
548;622
549;623
550;623
551;626
552;626
553;627
554;628
555;628
556;630
557;631
558;631
559;632
560;633
561;634
562;639
563;639
564;640
565;640
566;643
567;643
568;646
569;646
570;648
571;649
572;649
573;649
574;649
575;649
576;649
577;649
578;652
579;652
580;655
581;657
582;657
583;657
584;659
585;659
586;660
587;660
588;661
589;662
590;663
591;664
592;668
593;668
594;669
595;669
596;670
597;672
598;672
599;672
600;674
601;676
602;676
603;677
604;677
605;678
606;680
607;680
608;680
609;683
610;686
611;686
612;689
613;689
614;690
615;690
616;690
617;693
618;693
619;694
620;696
621;696
622;696
623;698
624;698
625;698
626;700
627;701
628;701
629;703
630;704
631;705
632;706
633;706
634;706
635;706
636;708
637;708
638;710
639;713
640;713
641;715
642;715
643;715
644;716
645;716
646;719
647;719
648;719
649;722
650;722
651;724
652;724
653;729
654;729
655;729
656;729
657;731
658;732
659;732
660;734
661;735
662;736
663;738
664;738
665;738
666;741
667;742
668;743
669;743
670;743
671;744
672;744
673;746
674;747
675;748
676;748
677;749
678;750
679;750
680;752
681;752
682;754
683;755
684;755
685;756
686;760
687;760
688;760
689;762
690;763
691;764
692;764
693;766
694;767
695;767
696;768
697;770
698;770
699;773
700;773
701;773
702;776
703;776
704;778
705;779
706;779
707;780
708;780
709;782
710;783
711;785
712;785
713;790
714;791
715;791
716;791
717;792
718;792
719;792
720;793
721;794
722;795
723;795
724;796
725;797
726;798
727;800
728;806
729;806
730;807
731;807
732;808
733;808
734;809
735;811
736;811
737;813
738;813
739;814
740;815
741;815
742;818
743;820
744;820
745;820
746;820
747;821
748;821
749;822
750;824
751;824
752;824
753;825
754;827
755;827
756;827
757;832
758;832
759;832
760;832
761;836
762;836
763;837
764;837
765;837
766;839
767;839
768;840
769;840
770;847
771;847
772;848
773;848
774;849
775;850
776;850
777;850
778;851
779;851
780;854
781;855
782;856
783;857
784;859
785;859
786;861
787;861
788;861
789;862
790;865
791;867
792;867
793;868
794;869
795;870
796;873
797;873
798;873
799;875
800;875
801;875
802;877
803;879
804;879
805;879
806;881
807;881
808;883
809;883
810;885
811;885
812;888
813;888
814;891
815;891
816;892
817;892
818;892
819;892
820;895
821;895
822;898
823;898
824;898
825;901
826;901
827;901
828;905
829;905
830;905
831;906
832;907
833;909
834;909
835;910
836;913
837;913
838;914
839;914
840;914
841;915
842;915
843;915
844;917
845;919
846;921
847;921
848;921
849;921
850;923
851;924
852;926
853;926
854;927
855;927
856;929
857;929
858;931
859;931
860;935
861;938
862;938
863;938
864;938
865;938
866;940
867;940
868;940
869;941
870;944
871;947
872;947
873;947
874;948
875;948
876;950
877;950
878;951
879;954
880;954
881;956
882;956
883;957
884;958
885;958
886;960
887;961
888;961
889;962
890;962
891;963
892;964
893;966
894;967
895;967
896;969
897;969
898;970
899;971
900;972
901;975
902;977
903;977
904;978
905;978
906;978
907;981
908;981
909;983
910;983
911;985
912;985
913;986
914;987
915;988
916;989
917;989
918;991
919;991
920;993
921;993
922;995
923;996
924;998
925;998
926;998
927;1005
928;1005
929;1012
930;1012
931;1012
932;1015
933;1015
934;1015
935;1015
936;1017
937;1017
938;1019
939;1019
940;1020
941;1020
942;1020
943;1021
944;1021
945;1022
946;1025
947;1025
948;1025
949;1025
950;1026
951;1028
952;1028
953;1028
954;1028
955;1028
956;1029
957;1029
958;1031
959;1032
960;1036
961;1036
962;1038
963;1038
964;1038
965;1039
966;1039
967;1040
968;1040
969;1043
970;1043
971;1043
972;1044
973;1046
974;1048
975;1048
976;1049
977;1050
978;1052
979;1052
980;1052
981;1053
982;1055
983;1057
984;1057
985;1059
986;1059
987;1060
988;1061
989;1064
990;1066
991;1066
992;1066
993;1068
994;1069
995;1070
996;1071
997;1073
998;1073
999;1074
1000;1074
1001;1076
1002;1081
1003;1081
1004;1081
1005;1083
1006;1085
1007;1085
1008;1086
1009;1086
1010;1089
1011;1089
1012;1089
1013;1092
1014;1093
1015;1093
1016;1093
1017;1094
1018;1094
1019;1095
1020;1095
1021;1095
1022;1096
1023;1096
1024;1098
1025;1098
1026;1098
1027;1098
1028;1099
1029;1100
1030;1101
1031;1101
1032;1104
1033;1104
1034;1107
1035;1107
1036;1107
1037;1108
1038;1109
1039;1111
1040;1111
1041;1114
1042;1114
1043;1115
1044;1115
1045;1116
1046;1116
1047;1119
1048;1119
1049;1121
1050;1121
1051;1124
1052;1124
1053;1126
1054;1127
1055;1127
1056;1127
1057;1130
1058;1130
1059;1130
1060;1132
1061;1134
1062;1134
1063;1136
1064;1136
1065;1139
1066;1139
1067;1139
1068;1140
1069;1145
1070;1147
1071;1147
1072;1147
1073;1150
1074;1150
1075;1151
1076;1151
1077;1152
1078;1153
1079;1155
1080;1155
1081;1157
1082;1159
1083;1159
1084;1159
1085;1159
1086;1163
1087;1163
1088;1163
1089;1166
1090;1166
1091;1166
1092;1166
1093;1167
1094;1169
1095;1169
1096;1172
1097;1173
1098;1173
1099;1173
1100;1173
1101;1174
1102;1174
1103;1176
1104;1176
1105;1178
1106;1178
1107;1180
1108;1180
1109;1181
1110;1182
1111;1182
1112;1182
1113;1185
1114;1185
1115;1187
1116;1188
1117;1188
1118;1188
1119;1190
1120;1193
1121;1193
1122;1193
1123;1194
1124;1194
1125;1196
1126;1198
1127;1198
1128;1201
1129;1201
1130;1203
1131;1203
1132;1204
1133;1205
1134;1206
1135;1210
1136;1210
1137;1212
1138;1212
1139;1213
1140;1213
1141;1213
1142;1213
1143;1217
1144;1217
1145;1217
1146;1218
1147;1219
1148;1220
1149;1223
1150;1223
1151;1223
1152;1225
1153;1227
1154;1227
1155;1227
1156;1229
1157;1230
1158;1231
1159;1232
1160;1233
1161;1235
1162;1236
1163;1236
1164;1237
1165;1238
1166;1239
1167;1240
1168;1241
1169;1241
1170;1243
1171;1243
1172;1244
1173;1247
1174;1247
1175;1248
1176;1248
1177;1249
1178;1250
1179;1251
1180;1251
1181;1253
1182;1255
1183;1255
1184;1257
1185;1260
1186;1260
1187;1260
1188;1261
1189;1262
1190;1262
1191;1263
1192;1263
1193;1265
1194;1265
1195;1269
1196;1270
1197;1270
1198;1270
1199;1271
1200;1271
1201;1274
1202;1274
1203;1278
1204;1279
1205;1279
1206;1280
1207;1280
1208;1283
1209;1283
1210;1283
1211;1284
1212;1284
1213;1287
1214;1290
1215;1290
1216;1291
1217;1291
1218;1295
1219;1295
1220;1295
1221;1295
1222;1297
1223;1298
1224;1300
1225;1300
1226;1300
1227;1303
1228;1305
1229;1307
1230;1309
1231;1309
1232;1309
1233;1311
1234;1311
1235;1311
1236;1311
1237;1313
1238;1313
1239;1315
1240;1317
1241;1317
1242;1317
1243;1317
1244;1321
1245;1321
1246;1321
1247;1323
1248;1323
1249;1325
1250;1327
1251;1327
1252;1327
1253;1327
1254;1329
1255;1329
1256;1331
1257;1331
1258;1333
1259;1333
1260;1336
1261;1338
1262;1338
1263;1338
1264;1338
1265;1340
1266;1341
1267;1341
1268;1341
1269;1342
1270;1343
1271;1344
1272;1345
1273;1346
1274;1346
1275;1348
1276;1348
1277;1350
1278;1351
1279;1352
1280;1352
1281;1353
1282;1357
1283;1357
1284;1357
1285;1357
1286;1358
1287;1361
1288;1361
1289;1362
1290;1362
1291;1366
1292;1366
1293;1368
1294;1368
1295;1369
1296;1369
1297;1369
1298;1371
1299;1375
1300;1375
1301;1376
1302;1376
1303;1376
1304;1376
1305;1379
1306;1380
1307;1380
1308;1380
1309;1381
1310;1381
1311;1384
1312;1386
1313;1386
1314;1387
1315;1388
1316;1388
1317;1391
1318;1391
1319;1392
1320;1395
1321;1395
1322;1396
1323;1396
1324;1396
1325;1398
1326;1400
1327;1401
1328;1401
1329;1401
1330;1403
1331;1404
1332;1407
1333;1407
1334;1410
1335;1410
1336;1412
1337;1412
1338;1412
1339;1415
1340;1415
1341;1415
1342;1417
1343;1417
1344;1418
1345;1420
1346;1420
1347;1420
1348;1422
1349;1422
1350;1423
1351;1423
1352;1425
1353;1428
1354;1428
1355;1428
1356;1431
1357;1433
1358;1434
1359;1435
1360;1436
1361;1438
1362;1440
1363;1440
1364;1440
1365;1441
1366;1442
1367;1442
1368;1442
1369;1444
1370;1444
1371;1445
1372;1445
1373;1447
1374;1447
1375;1448
1376;1449
1377;1451
1378;1452
1379;1452
1380;1453
1381;1455
1382;1455
1383;1455
1384;1457
1385;1457
1386;1460
1387;1460
1388;1463
1389;1464
1390;1464
1391;1465
1392;1466
1393;1467
1394;1470
1395;1470
1396;1471
1397;1472
1398;1472
1399;1474
1400;1474
1401;1475
1402;1475
1403;1477
1404;1478
1405;1478
1406;1479
1407;1480
1408;1481
1409;1483
1410;1484
1411;1484
1412;1484
1413;1487
1414;1487
1415;1490
1416;1492
1417;1494
1418;1494
1419;1494
1420;1494
1421;1495
1422;1495
1423;1495
1424;1495
1425;1499
1426;1499
1427;1499
1428;1501
1429;1503
1430;1503
1431;1503
1432;1503
1433;1506
1434;1506
1435;1508
1436;1508
1437;1510
1438;1510
1439;1512
1440;1512
1441;1514
1442;1516
1443;1516
1444;1516
1445;1517
1446;1519
1447;1519
1448;1519
1449;1522
1450;1523
1451;1524
1452;1525
1453;1527
1454;1527
1455;1529
1456;1529
1457;1529
1458;1529
1459;1529
1460;1530
1461;1533
1462;1534
1463;1534
1464;1537
1465;1537
1466;1538
1467;1538
1468;1538
1469;1541
1470;1541
1471;1542
1472;1543
1473;1545
1474;1548
1475;1551
1476;1551
1477;1552
1478;1554
1479;1554
1480;1554
1481;1554
1482;1554
1483;1555
1484;1556
1485;1556
1486;1557
1487;1558
1488;1559
1489;1559
1490;1562
1491;1562
1492;1563
1493;1563
1494;1564
1495;1564
1496;1566
1497;1568
1498;1568
1499;1571
1500;1572
1501;1572
1502;1572
1503;1573
1504;1574
1505;1575
1506;1578
1507;1578
1508;1579
1509;1583
1510;1583
1511;1583
1512;1584
1513;1584
1514;1587
1515;1588
1516;1588
1517;1589
1518;1590
1519;1592
1520;1592
1521;1594
1522;1594
1523;1595
1524;1600
1525;1600
1526;1600
1527;1600
1528;1600
1529;1600
1530;1601
1531;1602
1532;1605
1533;1607
1534;1607
1535;1607
1536;1609
1537;1609
1538;1614
1539;1616
1540;1616
1541;1616
1542;1619
1543;1619
1544;1619
1545;1619
1546;1621
1547;1621
1548;1622
1549;1623
1550;1625
1551;1625
1552;1626
1553;1629
1554;1629
1555;1630
1556;1630
1557;1631
1558;1632
1559;1632
1560;1634
1561;1636
1562;1636
1563;1638
1564;1638
1565;1639
1566;1639
1567;1641
1568;1643
1569;1644
1570;1644
1571;1645
1572;1647
1573;1647
1574;1648
1575;1650
1576;1657
1577;1657
1578;1657
1579;1657
1580;1659
1581;1659
1582;1659
1583;1659
1584;1660
1585;1660
1586;1662
1587;1663
1588;1663
1589;1663
1590;1665
1591;1665
1592;1667
1593;1670
1594;1670
1595;1670
1596;1670
1597;1673
1598;1673
1599;1673
1600;1675
1601;1675
1602;1677
1603;1677
1604;1677
1605;1679
1606;1679
1607;1681
1608;1681
1609;1682
1610;1683
1611;1683
1612;1685
1613;1688
1614;1688
1615;1691
1616;1696
1617;1696
1618;1696
1619;1697
1620;1697
1621;1699
1622;1699
1623;1699
1624;1699
1625;1699
1626;1700
1627;1701
1628;1701
1629;1701
1630;1703
1631;1703
1632;1705
1633;1705
1634;1706
1635;1707
1636;1707
1637;1709
1638;1709
1639;1711
1640;1711
1641;1714
1642;1714
1643;1715
1644;1716
1645;1720
1646;1720
1647;1723
1648;1725
1649;1725
1650;1725
1651;1726
1652;1726
1653;1728
1654;1728
1655;1728
1656;1728
1657;1730
1658;1730
1659;1732
1660;1732
1661;1734
1662;1735
1663;1737
1664;1737
1665;1739
1666;1739
1667;1741
1668;1741
1669;1741
1670;1742
1671;1742
1672;1744
1673;1744
1674;1747
1675;1747
1676;1750
1677;1751
1678;1752
1679;1752
1680;1752
1681;1753
1682;1754
1683;1755
1684;1756
1685;1757
1686;1759
1687;1759
1688;1759
1689;1760
1690;1762
1691;1762
1692;1763
1693;1765
1694;1765
1695;1765
1696;1767
1697;1768
1698;1768
1699;1771
1700;1772
1701;1774
1702;1775
1703;1775
1704;1777
1705;1777
1706;1779
1707;1779
1708;1779
1709;1780
1710;1781
1711;1781
1712;1783
1713;1785
1714;1788
1715;1788
1716;1790
1717;1790
1718;1790
1719;1790
1720;1794
1721;1796
1722;1796
1723;1797
1724;1800
1725;1800
1726;1802
1727;1802
1728;1802
1729;1804
1730;1805
1731;1805
1732;1805
1733;1806
1734;1807
1735;1808
1736;1809
1737;1811
1738;1811
1739;1814
1740;1815
1741;1817
1742;1817
1743;1819
1744;1820
1745;1821
1746;1821
1747;1826
1748;1826
1749;1826
1750;1828
1751;1830
1752;1837
1753;1837
1754;1837
1755;1837
1756;1838
1757;1838
1758;1839
1759;1839
1760;1840
1761;1840
1762;1842
1763;1842
1764;1844
1765;1844
1766;1845
1767;1845
1768;1845
1769;1845
1770;1848
1771;1848
1772;1848
1773;1850
1774;1853
1775;1853
1776;1853
1777;1856
1778;1856
1779;1856
1780;1857
1781;1857
1782;1857
1783;1857
1784;1857
1785;1859
1786;1859
1787;1861
1788;1863
1789;1865
1790;1865
1791;1866
1792;1866
1793;1866
1794;1867
1795;1869
1796;1870
1797;1870
1798;1871
1799;1873
1800;1873
1801;1876
1802;1877
1803;1877
1804;1878
1805;1880
1806;1880
1807;1880
1808;1880
1809;1881
1810;1886
1811;1886
1812;1888
1813;1889
1814;1889
1815;1890
1816;1890
1817;1890
1818;1893
1819;1893
1820;1896
1821;1896
1822;1898
1823;1898
1824;1899
1825;1899
1826;1903
1827;1904
1828;1904
1829;1905
1830;1905
1831;1909
1832;1910
1833;1910
1834;1910
1835;1910
1836;1910
1837;1912
1838;1913
1839;1913
1840;1913
1841;1915
1842;1917
1843;1917
1844;1917
1845;1917
1846;1920
1847;1920
1848;1920
1849;1920
1850;1922
1851;1922
1852;1923
1853;1925
1854;1925
1855;1928
1856;1930
1857;1931
1858;1931
1859;1934
1860;1934
1861;1934
1862;1936
1863;1936
1864;1936
1865;1937
1866;1940
1867;1940
1868;1940
1869;1941
1870;1941
1871;1943
1872;1943
1873;1946
1874;1946
1875;1946
1876;1946
1877;1949
1878;1949
1879;1951
1880;1951
1881;1953
1882;1955
1883;1956
1884;1956
1885;1957
1886;1957
1887;1958
1888;1958
1889;1961
1890;1963
1891;1965
1892;1965
1893;1965
1894;1967
1895;1967
1896;1969
1897;1972
1898;1975
1899;1975
1900;1976
1901;1976
1902;1976
1903;1976
1904;1977
1905;1981
1906;1981
1907;1981
1908;1981
1909;1982
1910;1982
1911;1982
1912;1985
1913;1985
1914;1986
1915;1986
1916;1987
1917;1988
1918;1990
1919;1994
1920;1994
1921;1994
1922;1994
1923;1995
1924;1997
1925;2000
1926;2000
1927;2001
1928;2001
1929;2002
1930;2002
1931;2002
1932;2002
1933;2007
1934;2007
1935;2008
1936;2011
1937;2011
1938;2013
1939;2013
1940;2013
1941;2015
1942;2015
1943;2017
1944;2020
1945;2022
1946;2022
1947;2022
1948;2023
1949;2024
1950;2026
1951;2026
1952;2026
1953;2027
1954;2030
1955;2030
1956;2030
1957;2032
1958;2032
1959;2033
1960;2034
1961;2034
1962;2034
1963;2037
1964;2037
1965;2040
1966;2040
1967;2040
1968;2040
1969;2040
1970;2041
1971;2041
1972;2042
1973;2043
1974;2044
1975;2046
1976;2048
1977;2049
1978;2049
1979;2050
1980;2050
1981;2052
1982;2054
1983;2054
1984;2055
1985;2056
1986;2057
1987;2058
1988;2060
1989;2061
1990;2061
1991;2063
1992;2063
1993;2065
1994;2065
1995;2066
1996;2068
1997;2068
1998;2071
1999;2071
2000;2071
2001;2074
2002;2074
2003;2076
2004;2076
2005;2076
2006;2076
2007;2078
2008;2080
2009;2080
2010;2083
2011;2083
2012;2083
2013;2085
2014;2088
2015;2089
2016;2092
2017;2092
2018;2092
2019;2092
2020;2093
2021;2093
2022;2095
2023;2095
2024;2095
2025;2098
2026;2098
2027;2099
2028;2101
2029;2103
2030;2104
2031;2104
2032;2104
2033;2106
2034;2108
2035;2109
2036;2109
2037;2111
2038;2111
2039;2113
2040;2113
2041;2116
2042;2116
2043;2117
2044;2117
2045;2117
2046;2117
2047;2119
2048;2119
2049;2121
2050;2123
2051;2123
2052;2125
2053;2125
2054;2127
2055;2128
2056;2128
2057;2129
2058;2131
2059;2131
2060;2133
2061;2134
2062;2134
2063;2135
2064;2136
2065;2137
2066;2139
2067;2139
2068;2143
2069;2145
2070;2145
2071;2145
2072;2147
2073;2148
2074;2149
2075;2152
2076;2152
2077;2155
2078;2155
2079;2155
2080;2156
2081;2158
2082;2159
2083;2159
2084;2159
2085;2161
2086;2161
2087;2163
2088;2163
2089;2164
2090;2164
2091;2167
2092;2169
2093;2169
2094;2172
2095;2172
2096;2172
2097;2172
2098;2172
2099;2177
2100;2177
2101;2177
2102;2178
2103;2180
2104;2180
2105;2180
2106;2181
2107;2181
2108;2182
2109;2185
2110;2185
2111;2185
2112;2187
2113;2188
2114;2188
2115;2188
2116;2189
2117;2190
2118;2190
2119;2194
2120;2194
2121;2194
2122;2195
2123;2197
2124;2197
2125;2200
2126;2200
2127;2202
2128;2204
2129;2204
2130;2205
2131;2205
2132;2205
2133;2205
2134;2205
2135;2207
2136;2207
2137;2211
2138;2211
2139;2211
2140;2211
2141;2213
2142;2213
2143;2215
2144;2215
2145;2215
2146;2217
2147;2218
2148;2220
2149;2220
2150;2222
2151;2222
2152;2223
2153;2225
2154;2226
2155;2226
2156;2227
2157;2227
2158;2230
2159;2230
2160;2231
2161;2232
2162;2233
2163;2233
2164;2234
2165;2235
2166;2237
2167;2237
2168;2239
2169;2241
2170;2243
2171;2243
2172;2243
2173;2247
2174;2248
2175;2248
2176;2248
2177;2249
2178;2249
2179;2251
2180;2254
2181;2255
2182;2257
2183;2257
2184;2257
2185;2257
2186;2259
2187;2261
2188;2264
2189;2265
2190;2265
2191;2265
2192;2267
2193;2267
2194;2267
2195;2268
2196;2268
2197;2268
2198;2271
2199;2271
2200;2271
2201;2271
2202;2272
2203;2272
2204;2276
2205;2277
2206;2277
2207;2280
2208;2281
2209;2281
2210;2282
2211;2282
2212;2282
2213;2285
2214;2285
2215;2285
2216;2285
2217;2289
2218;2289
2219;2291
2220;2291
2221;2293
2222;2293
2223;2293
2224;2293
2225;2296
2226;2297
2227;2299
2228;2302
2229;2302
2230;2304
2231;2305
2232;2306
2233;2306
2234;2306
2235;2306
2236;2306
2237;2308
2238;2310
2239;2311
2240;2312
2241;2313
2242;2313
2243;2317
2244;2318
2245;2319
2246;2320
2247;2321
2248;2321
2249;2322
2250;2322
2251;2324
2252;2324
2253;2327
2254;2327
2255;2329
2256;2329
2257;2329
2258;2332
2259;2333
2260;2334
2261;2334
2262;2336
2263;2336
2264;2338
2265;2338
2266;2342
2267;2344
2268;2344
2269;2344
2270;2345
2271;2345
2272;2346
2273;2347
2274;2349
2275;2349
2276;2349
2277;2349
2278;2350
2279;2351
2280;2353
2281;2355
2282;2355
2283;2356
2284;2357
2285;2360
2286;2361
2287;2361
2288;2361
2289;2362
2290;2363
2291;2364
2292;2365
2293;2365
2294;2367
2295;2368
2296;2369
2297;2371
2298;2372
2299;2372
2300;2374
2301;2376
2302;2379
2303;2382
2304;2382
2305;2383
2306;2383
2307;2383
2308;2384
2309;2384
2310;2391
2311;2391
2312;2391
2313;2391
2314;2391
2315;2392
2316;2392
2317;2394
2318;2394
2319;2395
2320;2397
2321;2398
2322;2398
2323;2398
2324;2398
2325;2405
2326;2405
2327;2407
2328;2407
2329;2409
2330;2409
2331;2409
2332;2409
2333;2411
2334;2411
2335;2414
2336;2414
2337;2415
2338;2417
2339;2417
2340;2420
2341;2420
2342;2420
2343;2420
2344;2421
2345;2421
2346;2424
2347;2424
2348;2426
2349;2426
2350;2426
2351;2426
2352;2427
2353;2427
2354;2429
2355;2432
2356;2432
2357;2433
2358;2433
2359;2433
2360;2436
2361;2436
2362;2436
2363;2437
2364;2440
2365;2440
2366;2440
2367;2441
2368;2441
2369;2442
2370;2442
2371;2443
2372;2444
2373;2447
2374;2447
2375;2447
2376;2449
2377;2450
2378;2450
2379;2454
2380;2456
2381;2456
2382;2456
2383;2457
2384;2458
2385;2458
2386;2461
2387;2463
2388;2463
2389;2465
2390;2469
2391;2469
2392;2469
2393;2471
2394;2471
2395;2471
2396;2473
2397;2473
2398;2475
2399;2475
2400;2477
2401;2481
2402;2481
2403;2481
2404;2483
2405;2484
2406;2484
2407;2485
2408;2485
2409;2485
2410;2486
2411;2488
2412;2488
2413;2490
2414;2490
2415;2492
2416;2493
2417;2493
2418;2493
2419;2495
2420;2495
2421;2496
2422;2499
2423;2499
2424;2499
2425;2501
2426;2501
2427;2501
2428;2501
2429;2503
2430;2506
2431;2506
2432;2506
2433;2508
2434;2508
2435;2508
2436;2509
2437;2510
2438;2510
2439;2511
2440;2511
2441;2513
2442;2515
2443;2516
2444;2516
2445;2517
2446;2520
2447;2521
2448;2521
2449;2521
2450;2523
2451;2525
2452;2525
2453;2525
2454;2528
2455;2530
2456;2531
2457;2531
2458;2534
2459;2534
2460;2534
2461;2535
2462;2535
2463;2537
2464;2538
2465;2540
2466;2542
2467;2542
2468;2542
2469;2547
2470;2547
2471;2547
2472;2547
2473;2548
2474;2548
2475;2550
2476;2550
2477;2553
2478;2553
2479;2555
2480;2555
2481;2556
2482;2556
2483;2556
2484;2562
2485;2563
2486;2564
2487;2565
2488;2565
2489;2565
2490;2565
2491;2565
2492;2565
2493;2566
2494;2566
2495;2567
2496;2569
2497;2572
2498;2572
2499;2573
2500;2573
2501;2573
2502;2573
2503;2580
2504;2580
2505;2580
2506;2581
2507;2581
2508;2581
2509;2583
2510;2583
2511;2584
2512;2584
2513;2586
2514;2588
2515;2589
2516;2591
2517;2591
2518;2591
2519;2592
2520;2592
2521;2594
2522;2598
2523;2599
2524;2599
2525;2602
2526;2602
2527;2603
2528;2604
2529;2604
2530;2604
2531;2606
2532;2606
2533;2608
2534;2608
2535;2609
2536;2609
2537;2611
2538;2612
2539;2615
2540;2615
2541;2615
2542;2615
2543;2617
2544;2619
2545;2619
2546;2621
2547;2621
2548;2622
2549;2622
2550;2622
2551;2625
2552;2625
2553;2628
2554;2628
2555;2629
2556;2630
2557;2630
2558;2630
2559;2631
2560;2633
2561;2633
2562;2637
2563;2638
2564;2638
2565;2638
2566;2642
2567;2642
2568;2642
2569;2644
2570;2644
2571;2646
2572;2647
2573;2647
2574;2649
2575;2649
2576;2650
2577;2654
2578;2656
2579;2656
2580;2657
2581;2660
2582;2660
2583;2661
2584;2663
2585;2663
2586;2663
2587;2663
2588;2665
2589;2665
2590;2665
2591;2666
2592;2668
2593;2669
2594;2670
2595;2671
2596;2673
2597;2673
2598;2674
2599;2674
2600;2676
2601;2676
2602;2677
2603;2677
2604;2678
2605;2679
2606;2682
2607;2682
2608;2682
2609;2683
2610;2684
2611;2685
2612;2686
2613;2687
2614;2687
2615;2690
2616;2690
2617;2693
2618;2693
2619;2695
2620;2695
2621;2696
2622;2696
2623;2699
2624;2699
2625;2700
2626;2700
2627;2702
2628;2704
2629;2704
2630;2705
2631;2706
2632;2708
2633;2708
2634;2708
2635;2709
2636;2712
2637;2713
2638;2714
2639;2717
2640;2717
2641;2717
2642;2718
2643;2721
2644;2722
2645;2722
2646;2722
2647;2724
2648;2724
2649;2724
2650;2724
2651;2726
2652;2726
2653;2727
2654;2729
2655;2729
2656;2729
2657;2730
2658;2731
2659;2731
2660;2735
2661;2735
2662;2736
2663;2736
2664;2737
2665;2738
2666;2739
2667;2739
2668;2740
2669;2742
2670;2742
2671;2743
2672;2743
2673;2745
2674;2746
2675;2749
2676;2750
2677;2752
2678;2753
2679;2754
2680;2754
2681;2755
2682;2755
2683;2758
2684;2758
2685;2759
2686;2762
2687;2762
2688;2765
2689;2765
2690;2765
2691;2765
2692;2768
2693;2768
2694;2769
2695;2773
2696;2773
2697;2773
2698;2774
2699;2774
2700;2774
2701;2777
2702;2777
2703;2779
2704;2781
2705;2781
2706;2783
2707;2783
2708;2786
2709;2786
2710;2786
2711;2788
2712;2788
2713;2788
2714;2791
2715;2792
2716;2792
2717;2792
2718;2792
2719;2797
2720;2797
2721;2797
2722;2798
2723;2798
2724;2798
2725;2798
2726;2800
2727;2802
2728;2802
2729;2802
2730;2802
2731;2803
2732;2803
2733;2805
2734;2806
2735;2809
2736;2810
2737;2812
2738;2812
2739;2813
2740;2813
2741;2813
2742;2814
2743;2814
2744;2816
2745;2816
2746;2819
2747;2820
2748;2823
2749;2823
2750;2825
2751;2825
2752;2826
2753;2826
2754;2826
2755;2827
2756;2829
2757;2829
2758;2830
2759;2831
2760;2832
2761;2833
2762;2834
2763;2836
2764;2836
2765;2837
2766;2837
2767;2839
2768;2841
2769;2842
2770;2844
2771;2844
2772;2845
2773;2845
2774;2846
2775;2847
2776;2847
2777;2850
2778;2850
2779;2850
2780;2851
2781;2855
2782;2855
2783;2855
2784;2856
2785;2857
2786;2858
2787;2860
2788;2862
2789;2862
2790;2863
2791;2865
2792;2865
2793;2867
2794;2867
2795;2867
2796;2867
2797;2870
2798;2870
2799;2871
2800;2872
2801;2873
2802;2876
2803;2878
2804;2878
2805;2880
2806;2880
2807;2881
2808;2883
2809;2885
2810;2885
2811;2886
2812;2886
2813;2889
2814;2890
2815;2890
2816;2890
2817;2891
2818;2891
2819;2891
2820;2893
2821;2893
2822;2896
2823;2896
2824;2898
2825;2899
2826;2899
2827;2900
2828;2902
2829;2902
2830;2902
2831;2905
2832;2905
2833;2906
2834;2908
2835;2909
2836;2909
2837;2911
2838;2912
2839;2913
2840;2913
2841;2913
2842;2916
2843;2917
2844;2918
2845;2920
2846;2920
2847;2920
2848;2922
2849;2924
2850;2924
2851;2926
2852;2926
2853;2929
2854;2930
2855;2932
2856;2934
2857;2934
2858;2937
2859;2938
2860;2938
2861;2938
2862;2938
2863;2938
2864;2938
2865;2942
2866;2942
2867;2942
2868;2942
2869;2942
2870;2943
2871;2943
2872;2944
2873;2945
2874;2947
2875;2948
2876;2948
2877;2949
2878;2950
2879;2952
2880;2953
2881;2954
2882;2954
2883;2955
2884;2956
2885;2956
2886;2956
2887;2958
2888;2958
2889;2960
2890;2961
2891;2961
2892;2963
2893;2964
2894;2967
2895;2967
2896;2967
2897;2968
2898;2970
2899;2971
2900;2972
2901;2972
2902;2974
2903;2974
2904;2974
2905;2975
2906;2976
2907;2978
2908;2979
2909;2979
2910;2982
2911;2982
2912;2986
2913;2986
2914;2986
2915;2989
2916;2989
2917;2990
2918;2993
2919;2993
2920;2994
2921;2994
2922;2996
2923;2996
2924;2998
2925;2999
2926;3000
2927;3001
2928;3003
2929;3003
2930;3005
2931;3005
2932;3006
2933;3009
2934;3009
2935;3011
2936;3011
2937;3011
2938;3012
2939;3014
2940;3014
2941;3014
2942;3016
2943;3016
2944;3017
2945;3018
2946;3020
2947;3021
2948;3022
2949;3024
2950;3024
2951;3026
2952;3026
2953;3026
2954;3028
2955;3030
2956;3030
2957;3032
2958;3036
2959;3037
2960;3037
2961;3037
2962;3038
2963;3040
2964;3040
2965;3043
2966;3043
2967;3043
2968;3045
2969;3045
2970;3045
2971;3045
2972;3045
2973;3046
2974;3049
2975;3049
2976;3051
2977;3052
2978;3052
2979;3052
2980;3052
2981;3056
2982;3056
2983;3056
2984;3056
2985;3057
2986;3057
2987;3059
2988;3060
2989;3061
2990;3064
2991;3064
2992;3068
2993;3068
2994;3068
2995;3068
2996;3071
2997;3071
2998;3073
2999;3073
3000;3073
3001;3073
3002;3075
3003;3075
3004;3076
3005;3076
3006;3078
3007;3078
3008;3079
3009;3079
3010;3082
3011;3082
3012;3082
3013;3082
3014;3083
3015;3084
3016;3086
3017;3087
3018;3087
3019;3089
3020;3089
3021;3091
3022;3095
3023;3098
3024;3100
3025;3100
3026;3101
3027;3102
3028;3102
3029;3102
3030;3103
3031;3103
3032;3104
3033;3104
3034;3105
3035;3106
3036;3107
3037;3109
3038;3109
3039;3110
3040;3114
3041;3114
3042;3115
3043;3115
3044;3115
3045;3116
3046;3120
3047;3121
3048;3121
3049;3121
3050;3121
3051;3121
3052;3124
3053;3124
3054;3126
3055;3126
3056;3128
3057;3130
3058;3130
3059;3134
3060;3134
3061;3134
3062;3135
3063;3137
3064;3137
3065;3137
3066;3141
3067;3143
3068;3143
3069;3143
3070;3145
3071;3145
3072;3145
3073;3145
3074;3147
3075;3148
3076;3149
3077;3150
3078;3150
3079;3150
3080;3152
3081;3152
3082;3154
3083;3154
3084;3155
3085;3156
3086;3158
3087;3160
3088;3160
3089;3161
3090;3161
3091;3163
3092;3164
3093;3167
3094;3167
3095;3167
3096;3168
3097;3169
3098;3169
3099;3171
3100;3171
3101;3172
3102;3172
3103;3173
3104;3174
3105;3176
3106;3177
3107;3177
3108;3177
3109;3178
3110;3180
3111;3182
3112;3183
3113;3185
3114;3185
3115;3187
3116;3188
3117;3189
3118;3189
3119;3190
3120;3192
3121;3192
3122;3195
3123;3195
3124;3195
3125;3195
3126;3198
3127;3198
3128;3198
3129;3199
3130;3200
3131;3203
3132;3203
3133;3205
3134;3205
3135;3206
3136;3207
3137;3209
3138;3209
3139;3212
3140;3212
3141;3213
3142;3214
3143;3214
3144;3217
3145;3219
3146;3219
3147;3220
3148;3220
3149;3220
3150;3222
3151;3224
3152;3224
3153;3224
3154;3225
3155;3227
3156;3228
3157;3229
3158;3229
3159;3230
3160;3231
3161;3232
3162;3235
3163;3236
3164;3236
3165;3241
3166;3242
3167;3242
3168;3242
3169;3242
3170;3243
3171;3246
3172;3247
3173;3250
3174;3250
3175;3250
3176;3252
3177;3252
3178;3254
3179;3254
3180;3254
3181;3254
3182;3254
3183;3256
3184;3258
3185;3258
3186;3258
3187;3260
3188;3263
3189;3263
3190;3263
3191;3264
3192;3266
3193;3266
3194;3266
3195;3266
3196;3267
3197;3268
3198;3270
3199;3270
3200;3270
3201;3272
3202;3273
3203;3274
3204;3275
3205;3275
3206;3275
3207;3277
3208;3277
3209;3279
3210;3280
3211;3282
3212;3282
3213;3283
3214;3284
3215;3287
3216;3287
3217;3289
3218;3289
3219;3291
3220;3291
3221;3293
3222;3295
3223;3295
3224;3295
3225;3295
3226;3296
3227;3301
3228;3301
3229;3301
3230;3306
3231;3307
3232;3309
3233;3309
3234;3310
3235;3311
3236;3313
3237;3315
3238;3315
3239;3315
3240;3317
3241;3318
3242;3318
3243;3320
3244;3320
3245;3320
3246;3320
3247;3320
3248;3320
3249;3322
3250;3323
3251;3323
3252;3324
3253;3327
3254;3328
3255;3328
3256;3329
3257;3330
3258;3333
3259;3333
3260;3334
3261;3337
3262;3337
3263;3339
3264;3339
3265;3340
3266;3340
3267;3341
3268;3343
3269;3345
3270;3345
3271;3345
3272;3346
3273;3347
3274;3348
3275;3349
3276;3351
3277;3351
3278;3351
3279;3355
3280;3355
3281;3356
3282;3358
3283;3358
3284;3358
3285;3360
3286;3360
3287;3360
3288;3363
3289;3365
3290;3365
3291;3367
3292;3367
3293;3368
3294;3370
3295;3370
3296;3370
3297;3371
3298;3371
3299;3375
3300;3375
3301;3375
3302;3376
3303;3376
3304;3378
3305;3378
3306;3379
3307;3379
3308;3381
3309;3382
3310;3382
3311;3384
3312;3385
3313;3385
3314;3385
3315;3386
3316;3388
3317;3388
3318;3390
3319;3391
3320;3392
3321;3394
3322;3394
3323;3395
3324;3395
3325;3395
3326;3398
3327;3400
3328;3401
3329;3401
3330;3403
3331;3404
3332;3405
3333;3408
3334;3411
3335;3411
3336;3411
3337;3411
3338;3415
3339;3415
3340;3417
3341;3417
3342;3419
3343;3420
3344;3420
3345;3421
3346;3422
3347;3422
3348;3424
3349;3424
3350;3426
3351;3426
3352;3427
3353;3430
3354;3432
3355;3434
3356;3434
3357;3434
3358;3434
3359;3436
3360;3436
3361;3438
3362;3438
3363;3440
3364;3442
3365;3442
3366;3442
3367;3442
3368;3446
3369;3447
3370;3447
3371;3447
3372;3447
3373;3447
3374;3447
3375;3449
3376;3450
3377;3450
3378;3451
3379;3452
3380;3455
3381;3455
3382;3457
3383;3462
3384;3464
3385;3464
3386;3464
3387;3466
3388;3466
3389;3466
3390;3466
3391;3466
3392;3469
3393;3469
3394;3472
3395;3474
3396;3474
3397;3475
3398;3475
3399;3475
3400;3475
3401;3477
3402;3478
3403;3478
3404;3480
3405;3481
3406;3481
3407;3481
3408;3481
3409;3485
3410;3485
3411;3485
3412;3488
3413;3488
3414;3488
3415;3490
3416;3490
3417;3492
3418;3493
3419;3494
3420;3496
3421;3496
3422;3496
3423;3497
3424;3497
3425;3498
3426;3499
3427;3499
3428;3501
3429;3503
3430;3503
3431;3504
3432;3504
3433;3507
3434;3507
3435;3509
3436;3509
3437;3511
3438;3511
3439;3513
3440;3513
3441;3514
3442;3514
3443;3514
3444;3516
3445;3518
3446;3518
3447;3519
3448;3520
3449;3522
3450;3522
3451;3523
3452;3525
3453;3525
3454;3526
3455;3526
3456;3528
3457;3529
3458;3532
3459;3532
3460;3532
3461;3533
3462;3534
3463;3534
3464;3534
3465;3537
3466;3537
3467;3538
3468;3539
3469;3540
3470;3544
3471;3544
3472;3544
3473;3545
3474;3546
3475;3551
3476;3552
3477;3553
3478;3553
3479;3557
3480;3557
3481;3557
3482;3557
3483;3557
3484;3557
3485;3559
3486;3563
3487;3567
3488;3567
3489;3567
3490;3568
3491;3569
3492;3569
3493;3570
3494;3570
3495;3570
3496;3570
3497;3571
3498;3573
3499;3573
3500;3573
3501;3573
3502;3574
3503;3574
3504;3575
3505;3577
3506;3578
3507;3578
3508;3582
3509;3583
3510;3583
3511;3583
3512;3585
3513;3585
3514;3586
3515;3586
3516;3589
3517;3589
3518;3590
3519;3590
3520;3591
3521;3594
3522;3594
3523;3594
3524;3597
3525;3597
3526;3598
3527;3600
3528;3600
3529;3602
3530;3602
3531;3603
3532;3604
3533;3605
3534;3605
3535;3606
3536;3609
3537;3612
3538;3612
3539;3612
3540;3612
3541;3612
3542;3612
3543;3615
3544;3616
3545;3619
3546;3619
3547;3619
3548;3619
3549;3621
3550;3622
3551;3622
3552;3623
3553;3624
3554;3624
3555;3625
3556;3626
3557;3628
3558;3628
3559;3633
3560;3633
3561;3633
3562;3634
3563;3637
3564;3637
3565;3640
3566;3640
3567;3640
3568;3640
3569;3641
3570;3642
3571;3643
3572;3643
3573;3645
3574;3645
3575;3646
3576;3648
3577;3649
3578;3650
3579;3650
3580;3650
3581;3652
3582;3653
3583;3654
3584;3654
3585;3654
3586;3656
3587;3657
3588;3659
3589;3659
3590;3659
3591;3662
3592;3663
3593;3663
3594;3665
3595;3667
3596;3668
3597;3669
3598;3670
3599;3670
3600;3670
3601;3673
3602;3675
3603;3675
3604;3678
3605;3679
3606;3680
3607;3680
3608;3682
3609;3682
3610;3682
3611;3683
3612;3687
3613;3687
3614;3687
3615;3689
3616;3689
3617;3690
3618;3690
3619;3692
3620;3693
3621;3693
3622;3694
3623;3695
3624;3695
3625;3696
3626;3696
3627;3698
3628;3699
3629;3700
3630;3700
3631;3701
3632;3702
3633;3702
3634;3705
3635;3710
3636;3710
3637;3710
3638;3710
3639;3712
3640;3712
3641;3716
3642;3718
3643;3718
3644;3719
3645;3719
3646;3719
3647;3727
3648;3727
3649;3728
3650;3728
3651;3730
3652;3730
3653;3731
3654;3731
3655;3731
3656;3733
3657;3733
3658;3734
3659;3734
3660;3737
3661;3739
3662;3739
3663;3739
3664;3739
3665;3742
3666;3742
3667;3743
3668;3746
3669;3748
3670;3748
3671;3750
3672;3752
3673;3752
3674;3754
3675;3754
3676;3756
3677;3756
3678;3756
3679;3756
3680;3756
3681;3759
3682;3759
3683;3761
3684;3761
3685;3761
3686;3762
3687;3762
3688;3763
3689;3763
3690;3764
3691;3764
3692;3768
3693;3769
3694;3769
3695;3774
3696;3774
3697;3774
3698;3775
3699;3775
3700;3777
3701;3777
3702;3779
3703;3779
3704;3779
3705;3779
3706;3781
3707;3786
3708;3786
3709;3787
3710;3787
3711;3787
3712;3789
3713;3792
3714;3792
3715;3792
3716;3794
3717;3794
3718;3797
3719;3797
3720;3799
3721;3800
3722;3801
3723;3802
3724;3802
3725;3802
3726;3802
3727;3802
3728;3805
3729;3805
3730;3807
3731;3808
3732;3808
3733;3809
3734;3809
3735;3810
3736;3811
3737;3813
3738;3813
3739;3815
3740;3815
3741;3815
3742;3817
3743;3817
3744;3821
3745;3821
3746;3821
3747;3823
3748;3823
3749;3823
3750;3824
3751;3825
3752;3825
3753;3827
3754;3827
3755;3827
3756;3828
3757;3828
3758;3831
3759;3831
3760;3832
3761;3832
3762;3833
3763;3836
3764;3836
3765;3836
3766;3837
3767;3839
3768;3839
3769;3840
3770;3842
3771;3842
3772;3843
3773;3846
3774;3846
3775;3846
3776;3847
3777;3847
3778;3848
3779;3848
3780;3851
3781;3852
3782;3853
3783;3854
3784;3857
3785;3857
3786;3859
3787;3859
3788;3860
3789;3860
3790;3862
3791;3862
3792;3865
3793;3865
3794;3865
3795;3867
3796;3867
3797;3869
3798;3869
3799;3871
3800;3873
3801;3873
3802;3873
3803;3873
3804;3876
3805;3878
3806;3878
3807;3881
3808;3881
3809;3884
3810;3886
3811;3886
3812;3886
3813;3888
3814;3888
3815;3889
3816;3889
3817;3890
3818;3893
3819;3895
3820;3895
3821;3897
3822;3897
3823;3899
3824;3900
3825;3900
3826;3902
3827;3902
3828;3902
3829;3902
3830;3905
3831;3905
3832;3905
3833;3908
3834;3910
3835;3910
3836;3910
3837;3911
3838;3912
3839;3912
3840;3913
3841;3915
3842;3915
3843;3915
3844;3918
3845;3919
3846;3920
3847;3921
3848;3925
3849;3925
3850;3925
3851;3925
3852;3925
3853;3925
3854;3928
3855;3931
3856;3931
3857;3932
3858;3933
3859;3933
3860;3933
3861;3936
3862;3936
3863;3936
3864;3939
3865;3940
3866;3940
3867;3940
3868;3942
3869;3943
3870;3943
3871;3947
3872;3947
3873;3947
3874;3947
3875;3948
3876;3949
3877;3951
3878;3953
3879;3955
3880;3957
3881;3957
3882;3959
3883;3959
3884;3959
3885;3959
3886;3961
3887;3962
3888;3962
3889;3962
3890;3962
3891;3964
3892;3964
3893;3966
3894;3967
3895;3969
3896;3970
3897;3970
3898;3970
3899;3973
3900;3973
3901;3974
3902;3975
3903;3975
3904;3979
3905;3979
3906;3980
3907;3980
3908;3981
3909;3981
3910;3981
3911;3983
3912;3983
3913;3986
3914;3989
3915;3990
3916;3990
3917;3990
3918;3990
3919;3993
3920;3994
3921;3995
3922;3995
3923;3997
3924;3997
3925;3997
3926;3999
3927;3999
3928;4000
3929;4001
3930;4002
3931;4002
3932;4004
3933;4005
3934;4005
3935;4008
3936;4009
3937;4012
3938;4012
3939;4013
3940;4014
3941;4014
3942;4018
3943;4018
3944;4019
3945;4019
3946;4020
3947;4020
3948;4022
3949;4024
3950;4024
3951;4025
3952;4026
3953;4028
3954;4028
3955;4028
3956;4029
3957;4031
3958;4031
3959;4032
3960;4036
3961;4036
3962;4039
3963;4039
3964;4041
3965;4042
3966;4042
3967;4042
3968;4043
3969;4043
3970;4045
3971;4045
3972;4045
3973;4046
3974;4047
3975;4049
3976;4049
3977;4052
3978;4052
3979;4053
3980;4055
3981;4055
3982;4056
3983;4056
3984;4058
3985;4058
3986;4060
3987;4060
3988;4063
3989;4064
3990;4064
3991;4066
3992;4066
3993;4067
3994;4067
3995;4069
3996;4070
3997;4070
3998;4070
3999;4076
4000;4076
4001;4079
4002;4079
4003;4080
4004;4080
4005;4080
4006;4080
4007;4084
4008;4084
4009;4085
4010;4085
4011;4085
4012;4086
4013;4088
4014;4088
4015;4089
4016;4091
4017;4093
4018;4095
4019;4095
4020;4096
4021;4096
4022;4101
4023;4101
4024;4101
4025;4102
4026;4102
4027;4102
4028;4107
4029;4109
4030;4109
4031;4109
4032;4111
4033;4111
4034;4111
4035;4113
4036;4113
4037;4113
4038;4115
4039;4115
4040;4115
4041;4116
4042;4116
4043;4116
4044;4116
4045;4118
4046;4118
4047;4120
4048;4121
4049;4121
4050;4122
4051;4125
4052;4125
4053;4126
4054;4127
4055;4128
4056;4130
4057;4132
4058;4132
4059;4132
4060;4134
4061;4134
4062;4136
4063;4136
4064;4136
4065;4138
4066;4138
4067;4139
4068;4140
4069;4142
4070;4142
4071;4144
4072;4144
4073;4144
4074;4145
4075;4146
4076;4147
4077;4149
4078;4151
4079;4152
4080;4152
4081;4152
4082;4153
4083;4155
4084;4157
4085;4158
4086;4158
4087;4158
4088;4159
4089;4159
4090;4160
4091;4163
4092;4163
4093;4165
4094;4165
4095;4168
4096;4168
4097;4170
4098;4170
4099;4170
4100;4172
4101;4173
4102;4173
4103;4174
4104;4176
4105;4176
4106;4177
4107;4177
4108;4177
4109;4181
4110;4181
4111;4182
4112;4184
4113;4184
4114;4185
4115;4186
4116;4186
4117;4188
4118;4188
4119;4188
4120;4190
4121;4191
4122;4191
4123;4191
4124;4192
4125;4193
4126;4195
4127;4195
4128;4197
4129;4198
4130;4199
4131;4200
4132;4201
4133;4203
4134;4205
4135;4206
4136;4208
4137;4211
4138;4211
4139;4211
4140;4211
4141;4213
4142;4214
4143;4215
4144;4218
4145;4218
4146;4219
4147;4219
4148;4220
4149;4220
4150;4220
4151;4221
4152;4223
4153;4223
4154;4226
4155;4228
4156;4228
4157;4229
4158;4229
4159;4232
4160;4234
4161;4236
4162;4236
4163;4237
4164;4237
4165;4239
4166;4239
4167;4240
4168;4240
4169;4241
4170;4241
4171;4243
4172;4245
4173;4245
4174;4245
4175;4248
4176;4248
4177;4249
4178;4251
4179;4251
4180;4252
4181;4252
4182;4254
4183;4256
4184;4256
4185;4258
4186;4259
4187;4259
4188;4260
4189;4261
4190;4263
4191;4263
4192;4263
4193;4266
4194;4266
4195;4268
4196;4269
4197;4270
4198;4271
4199;4271
4200;4271
4201;4273
4202;4275
4203;4275
4204;4276
4205;4276
4206;4278
4207;4278
4208;4279
4209;4281
4210;4281
4211;4284
4212;4286
4213;4286
4214;4286
4215;4287
4216;4289
4217;4289
4218;4290
4219;4293
4220;4295
4221;4295
4222;4297
4223;4297
4224;4298
4225;4298
4226;4298
4227;4300
4228;4300
4229;4300
4230;4302
4231;4303
4232;4304
4233;4305
4234;4305
4235;4305
4236;4308
4237;4308
4238;4310
4239;4310
4240;4310
4241;4312
4242;4312
4243;4314
4244;4316
4245;4316
4246;4316
4247;4319
4248;4320
4249;4320
4250;4323
4251;4323
4252;4324
4253;4327
4254;4327
4255;4327
4256;4329
4257;4332
4258;4332
4259;4332
4260;4332
4261;4332
4262;4333
4263;4335
4264;4335
4265;4336
4266;4337
4267;4339
4268;4339
4269;4339
4270;4342
4271;4343
4272;4345
4273;4345
4274;4346
4275;4347
4276;4347
4277;4349
4278;4349
4279;4351
4280;4354
4281;4355
4282;4355
4283;4355
4284;4356
4285;4356
4286;4357
4287;4360
4288;4360
4289;4362
4290;4362
4291;4365
4292;4365
4293;4366
4294;4368
4295;4368
4296;4369
4297;4370
4298;4371
4299;4371
4300;4374
4301;4374
4302;4377
4303;4377
4304;4379
4305;4379
4306;4379
4307;4379
4308;4380
4309;4382
4310;4382
4311;4383
4312;4383
4313;4384
4314;4385
4315;4387
4316;4389
4317;4389
4318;4389
4319;4390
4320;4391
4321;4394
4322;4394
4323;4395
4324;4395
4325;4395
4326;4398
4327;4399
4328;4400
4329;4400
4330;4401
4331;4401
4332;4402
4333;4404
4334;4405
4335;4405
4336;4406
4337;4407
4338;4409
4339;4410
4340;4412
4341;4413
4342;4414
4343;4416
4344;4416
4345;4417
4346;4418
4347;4419
4348;4419
4349;4420
4350;4421
4351;4424
4352;4424
4353;4426
4354;4426
4355;4426
4356;4427
4357;4429
4358;4431
4359;4431
4360;4433
4361;4433
4362;4434
4363;4436
4364;4437
4365;4437
4366;4438
4367;4438
4368;4440
4369;4441
4370;4442
4371;4443
4372;4444
4373;4444
4374;4445
4375;4446
4376;4449
4377;4450
4378;4450
4379;4452
4380;4454
4381;4454
4382;4455
4383;4455
4384;4456
4385;4457
4386;4457
4387;4459
4388;4460
4389;4462
4390;4464
4391;4464
4392;4465
4393;4465
4394;4466
4395;4468
4396;4468
4397;4468
4398;4472
4399;4472
4400;4473
4401;4474
4402;4476
4403;4476
4404;4477
4405;4478
4406;4478
4407;4483
4408;4483
4409;4484
4410;4484
4411;4485
4412;4486
4413;4486
4414;4486
4415;4487
4416;4489
4417;4489
4418;4490
4419;4492
4420;4496
4421;4496
4422;4497
4423;4497
4424;4497
4425;4499
4426;4499
4427;4500
4428;4500
4429;4504
4430;4504
4431;4506
4432;4508
4433;4508
4434;4511
4435;4511
4436;4512
4437;4512
4438;4513
4439;4513
4440;4513
4441;4516
4442;4516
4443;4517
4444;4519
4445;4521
4446;4521
4447;4521
4448;4521
4449;4522
4450;4524
4451;4526
4452;4526
4453;4527
4454;4527
4455;4529
4456;4531
4457;4531
4458;4531
4459;4531
4460;4535
4461;4535
4462;4535
4463;4536
4464;4539
4465;4539
4466;4539
4467;4542
4468;4542
4469;4543
4470;4543
4471;4545
4472;4545
4473;4548
4474;4548
4475;4549
4476;4549
4477;4549
4478;4549
4479;4552
4480;4552
4481;4553
4482;4555
4483;4557
4484;4557
4485;4558
4486;4559
4487;4559
4488;4560
4489;4562
4490;4563
4491;4563
4492;4564
4493;4564
4494;4567
4495;4567
4496;4569
4497;4569
4498;4570
4499;4570
4500;4574
4501;4577
4502;4577
4503;4577
4504;4577
4505;4578
4506;4578
4507;4580
4508;4581
4509;4582
4510;4584
4511;4584
4512;4584
4513;4585
4514;4588
4515;4590
4516;4590
4517;4590
4518;4592
4519;4592
4520;4592
4521;4593
4522;4595
4523;4596
4524;4598
4525;4602
4526;4603
4527;4603
4528;4603
4529;4603
4530;4604
4531;4605
4532;4606
4533;4608
4534;4608
4535;4608
4536;4611
4537;4611
4538;4611
4539;4612
4540;4612
4541;4616
4542;4616
4543;4616
4544;4617
4545;4619
4546;4619
4547;4622
4548;4622
4549;4622
4550;4624
4551;4625
4552;4625
4553;4626
4554;4626
4555;4629
4556;4629
4557;4631
4558;4632
4559;4634
4560;4634
4561;4634
4562;4637
4563;4637
4564;4637
4565;4638
4566;4639
4567;4640
4568;4642
4569;4643
4570;4644
4571;4644
4572;4645
4573;4646
4574;4649
4575;4649
4576;4650
4577;4650
4578;4650
4579;4652
4580;4654
4581;4654
4582;4654
4583;4654
4584;4656
4585;4656
4586;4656
4587;4658
4588;4660
4589;4662
4590;4664
4591;4664
4592;4665
4593;4665
4594;4665
4595;4669
4596;4669
4597;4670
4598;4672
4599;4672
4600;4672
4601;4676
4602;4676
4603;4676
4604;4677
4605;4677
4606;4677
4607;4680
4608;4681
4609;4681
4610;4681
4611;4687
4612;4687
4613;4689
4614;4689
4615;4690
4616;4692
4617;4692
4618;4693
4619;4693
4620;4693
4621;4695
4622;4695
4623;4695
4624;4695
4625;4696
4626;4696
4627;4699
4628;4700
4629;4701
4630;4701
4631;4702
4632;4706
4633;4706
4634;4706
4635;4706
4636;4706
4637;4710
4638;4712
4639;4712
4640;4714
4641;4714
4642;4715
4643;4715
4644;4719
4645;4721
4646;4721
4647;4721
4648;4721
4649;4721
4650;4723
4651;4723
4652;4726
4653;4726
4654;4728
4655;4730
4656;4730
4657;4730
4658;4732
4659;4734
4660;4735
4661;4735
4662;4737
4663;4737
4664;4738
4665;4739
4666;4739
4667;4741
4668;4743
4669;4743
4670;4745
4671;4747
4672;4747
4673;4748
4674;4749
4675;4750
4676;4750
4677;4752
4678;4752
4679;4754
4680;4754
4681;4754
4682;4756
4683;4757
4684;4758
4685;4758
4686;4760
4687;4760
4688;4762
4689;4763
4690;4765
4691;4765
4692;4765
4693;4765
4694;4765
4695;4767
4696;4767
4697;4770
4698;4770
4699;4772
4700;4774
4701;4774
4702;4774
4703;4775
4704;4776
4705;4778
4706;4778
4707;4779
4708;4779
4709;4781
4710;4781
4711;4781
4712;4782
4713;4783
4714;4786
4715;4786
4716;4788
4717;4788
4718;4788
4719;4789
4720;4791
4721;4792
4722;4792
4723;4797
4724;4797
4725;4797
4726;4800
4727;4803
4728;4804
4729;4805
4730;4805
4731;4806
4732;4806
4733;4807
4734;4808
4735;4811
4736;4811
4737;4812
4738;4815
4739;4815
4740;4817
4741;4817
4742;4819
4743;4819
4744;4823
4745;4823
4746;4823
4747;4828
4748;4828
4749;4829
4750;4829
4751;4829
4752;4831
4753;4832
4754;4834
4755;4834
4756;4834
4757;4837
4758;4837
4759;4840
4760;4840
4761;4843
4762;4843
4763;4843
4764;4843
4765;4843
4766;4844
4767;4844
4768;4844
4769;4845
4770;4845
4771;4847
4772;4847
4773;4847
4774;4847
4775;4849
4776;4849
4777;4851
4778;4851
4779;4853
4780;4853
4781;4855
4782;4855
4783;4856
4784;4857
4785;4859
4786;4859
4787;4861
4788;4861
4789;4862
4790;4864
4791;4864
4792;4866
4793;4866
4794;4866
4795;4868
4796;4869
4797;4873
4798;4873
4799;4873
4800;4877
4801;4878
4802;4878
4803;4880
4804;4880
4805;4883
4806;4884
4807;4884
4808;4886
4809;4886
4810;4886
4811;4888
4812;4888
4813;4888
4814;4889
4815;4890
4816;4890
4817;4890
4818;4892
4819;4893
4820;4894
4821;4894
4822;4895
4823;4895
4824;4895
4825;4898
4826;4900
4827;4901
4828;4902
4829;4902
4830;4904
4831;4904
4832;4904
4833;4907
4834;4910
4835;4911
4836;4911
4837;4912
4838;4912
4839;4913
4840;4913
4841;4915
4842;4915
4843;4917
4844;4917
4845;4917
4846;4918
4847;4921
4848;4921
4849;4922
4850;4922
4851;4926
4852;4926
4853;4928
4854;4928
4855;4928
4856;4928
4857;4930
4858;4932
4859;4932
4860;4934
4861;4934
4862;4934
4863;4934
4864;4936
4865;4936
4866;4937
4867;4941
4868;4941
4869;4941
4870;4942
4871;4942
4872;4943
4873;4944
4874;4946
4875;4946
4876;4949
4877;4951
4878;4951
4879;4951
4880;4951
4881;4953
4882;4953
4883;4954
4884;4955
4885;4957
4886;4957
4887;4961
4888;4961
4889;4962
4890;4962
4891;4964
4892;4964
4893;4964
4894;4967
4895;4967
4896;4969
4897;4969
4898;4972
4899;4972
4900;4974
4901;4974
4902;4975
4903;4977
4904;4978
4905;4980
4906;4982
4907;4982
4908;4983
4909;4986
4910;4986
4911;4987
4912;4987
4913;4989
4914;4991
4915;4991
4916;4991
4917;4991
4918;4994
4919;4995
4920;4995
4921;4997
4922;4997
4923;4997
4924;4997
4925;4998
4926;4998
4927;4999
4928;4999
4929;5002
4930;5002
4931;5004
4932;5008
4933;5009
4934;5009
4935;5009
4936;5010
4937;5010
4938;5011
4939;5014
4940;5014
4941;5014
4942;5014
4943;5017
4944;5019
4945;5020
4946;5020
4947;5022
4948;5022
4949;5022
4950;5023
4951;5024
4952;5024
4953;5025
4954;5030
4955;5030
4956;5030
4957;5030
4958;5032
4959;5034
4960;5034
4961;5037
4962;5038
4963;5038
4964;5038
4965;5040
4966;5041
4967;5041
4968;5041
4969;5043
4970;5046
4971;5046
4972;5046
4973;5047
4974;5049
4975;5049
4976;5051
4977;5051
4978;5053
4979;5054
4980;5054
4981;5055
4982;5056
4983;5058
4984;5058
4985;5058
4986;5058
4987;5059
4988;5063
4989;5063
4990;5065
4991;5065
4992;5066
4993;5066
4994;5067
4995;5069
4996;5069
4997;5073
4998;5073
4999;5074
5000;5074
5001;5075
5002;5075
5003;5075
5004;5076
5005;5078
5006;5078
5007;5081
5008;5081
5009;5082
5010;5082
5011;5082
5012;5084
5013;5084
5014;5087
5015;5090
5016;5090
5017;5091
5018;5091
5019;5094
5020;5096
5021;5096
5022;5097
5023;5097
5024;5099
5025;5099
5026;5101
5027;5101
5028;5104
5029;5106
5030;5106
5031;5107
5032;5110
5033;5110
5034;5112
5035;5116
5036;5116
5037;5116
5038;5117
5039;5117
5040;5118
5041;5120
5042;5120
5043;5120
5044;5120
5045;5120
5046;5122
5047;5122
5048;5122
5049;5122
5050;5125
5051;5125
5052;5126
5053;5126
5054;5127
5055;5127
5056;5127
5057;5129
5058;5130
5059;5132
5060;5132
5061;5134
5062;5134
5063;5137
5064;5137
5065;5141
5066;5141
5067;5142
5068;5142
5069;5145
5070;5145
5071;5147
5072;5147
5073;5147
5074;5148
5075;5149
5076;5149
5077;5150
5078;5151
5079;5151
5080;5152
5081;5154
5082;5157
5083;5157
5084;5159
5085;5159
5086;5159
5087;5159
5088;5161
5089;5162
5090;5163
5091;5163
5092;5165
5093;5166
5094;5167
5095;5167
5096;5167
5097;5169
5098;5169
5099;5172
5100;5173
5101;5173
5102;5175
5103;5177
5104;5177
5105;5178
5106;5178
5107;5179
5108;5179
5109;5183
5110;5183
5111;5183
5112;5188
5113;5188
5114;5192
5115;5192
5116;5194
5117;5194
5118;5195
5119;5197
5120;5197
5121;5198
5122;5198
5123;5198
5124;5199
5125;5199
5126;5202
5127;5202
5128;5204
5129;5204
5130;5204
5131;5204
5132;5204
5133;5206
5134;5207
5135;5207
5136;5207
5137;5209
5138;5210
5139;5210
5140;5213
5141;5213
5142;5214
5143;5214
5144;5214
5145;5216
5146;5218
5147;5221
5148;5222
5149;5222
5150;5222
5151;5224
5152;5227
5153;5227
5154;5228
5155;5228
5156;5228
5157;5228
5158;5229
5159;5233
5160;5234
5161;5234
5162;5236
5163;5236
5164;5237
5165;5238
5166;5238
5167;5238
5168;5238
5169;5240
5170;5240
5171;5243
5172;5245
5173;5247
5174;5247
5175;5249
5176;5249
5177;5249
5178;5251
5179;5251
5180;5253
5181;5253
5182;5254
5183;5256
5184;5256
5185;5256
5186;5257
5187;5260
5188;5260
5189;5260
5190;5261
5191;5261
5192;5265
5193;5265
5194;5267
5195;5267
5196;5269
5197;5271
5198;5272
5199;5273
5200;5273
5201;5273
5202;5274
5203;5277
5204;5281
5205;5281
5206;5281
5207;5282
5208;5284
5209;5284
5210;5284
5211;5284
5212;5286
5213;5288
5214;5288
5215;5288
5216;5289
5217;5290
5218;5290
5219;5291
5220;5291
5221;5294
5222;5294
5223;5296
5224;5297
5225;5299
5226;5300
5227;5300
5228;5300
5229;5300
5230;5302
5231;5303
5232;5303
5233;5306
5234;5307
5235;5308
5236;5308
5237;5308
5238;5311
5239;5312
5240;5314
5241;5314
5242;5315
5243;5316
5244;5316
5245;5318
5246;5319
5247;5319
5248;5323
5249;5324
5250;5329
5251;5329
5252;5329
5253;5331
5254;5332
5255;5332
5256;5333
5257;5337
5258;5337
5259;5337
5260;5337
5261;5337
5262;5339
5263;5343
5264;5343
5265;5345
5266;5345
5267;5345
5268;5345
5269;5347
5270;5349
5271;5349
5272;5350
5273;5350
5274;5350
5275;5357
5276;5358
5277;5358
5278;5359
5279;5359
5280;5359
5281;5359
5282;5359
5283;5360
5284;5360
5285;5360
5286;5361
5287;5366
5288;5366
5289;5366
5290;5368
5291;5368
5292;5371
5293;5374
5294;5375
5295;5375
5296;5376
5297;5376
5298;5376
5299;5378
5300;5378
5301;5378
5302;5381
5303;5381
5304;5383
5305;5383
5306;5385
5307;5385
5308;5385
5309;5385
5310;5385
5311;5385
5312;5385
5313;5387
5314;5387
5315;5390
5316;5390
5317;5391
5318;5391
5319;5391
5320;5394
5321;5394
5322;5394
5323;5394
5324;5395
5325;5395
5326;5398
5327;5398
5328;5400
5329;5402
5330;5402
5331;5402
5332;5404
5333;5406
5334;5406
5335;5407
5336;5408
5337;5408
5338;5408
5339;5410
5340;5410
5341;5413
5342;5413
5343;5419
5344;5419
5345;5419
5346;5420
5347;5421
5348;5423
5349;5424
5350;5424
5351;5424
5352;5424
5353;5426
5354;5427
5355;5427
5356;5427
5357;5429
5358;5430
5359;5430
5360;5432
5361;5434
5362;5434
5363;5434
5364;5434
5365;5435
5366;5438
5367;5439
5368;5440
5369;5440
5370;5442
5371;5442
5372;5443
5373;5446
5374;5446
5375;5446
5376;5449
5377;5449
5378;5449
5379;5450
5380;5453
5381;5454
5382;5454
5383;5456
5384;5456
5385;5458
5386;5458
5387;5460
5388;5460
5389;5460
5390;5463
5391;5463
5392;5464
5393;5465
5394;5465
5395;5466
5396;5467
5397;5468
5398;5469
5399;5470
5400;5472
5401;5473
5402;5475
5403;5475
5404;5475
5405;5476
5406;5477
5407;5478
5408;5479
5409;5480
5410;5481
5411;5481
5412;5484
5413;5485
5414;5485
5415;5486
5416;5488
5417;5488
5418;5490
5419;5490
5420;5493
5421;5493
5422;5494
5423;5496
5424;5496
5425;5498
5426;5499
5427;5499
5428;5499
5429;5500
5430;5501
5431;5503
5432;5503
5433;5504
5434;5506
5435;5507
5436;5508
5437;5510
5438;5512
5439;5512
5440;5512
5441;5513
5442;5516
5443;5518
5444;5518
5445;5518
5446;5520
5447;5521
5448;5521
5449;5523
5450;5523
5451;5524
5452;5527
5453;5528
5454;5528
5455;5530
5456;5532
5457;5532
5458;5532
5459;5533
5460;5533
5461;5533
5462;5535
5463;5535
5464;5536
5465;5536
5466;5538
5467;5538
5468;5539
5469;5540
5470;5540
5471;5544
5472;5544
5473;5545
5474;5546
5475;5546
5476;5548
5477;5549
5478;5552
5479;5552
5480;5553
5481;5553
5482;5555
5483;5555
5484;5558
5485;5558
5486;5558
5487;5560
5488;5560
5489;5561
5490;5564
5491;5564
5492;5566
5493;5567
5494;5568
5495;5568
5496;5569
5497;5569
5498;5569
5499;5570
5500;5573
5501;5575
5502;5575
5503;5575
5504;5575
5505;5578
5506;5578
5507;5579
5508;5579
5509;5582
5510;5582
5511;5583
5512;5585
5513;5587
5514;5587
5515;5590
5516;5590
5517;5590
5518;5591
5519;5591
5520;5594
5521;5594
5522;5594
5523;5596
5524;5597
5525;5598
5526;5598
5527;5598
5528;5600
5529;5601
5530;5602
5531;5602
5532;5603
5533;5604
5534;5605
5535;5606
5536;5609
5537;5609
5538;5612
5539;5612
5540;5613
5541;5613
5542;5614
5543;5614
5544;5615
5545;5615
5546;5617
5547;5618
5548;5619
5549;5619
5550;5620
5551;5621
5552;5622
5553;5623
5554;5623
5555;5626
5556;5628
5557;5629
5558;5629
5559;5629
5560;5630
5561;5632
5562;5633
5563;5634
5564;5634
5565;5635
5566;5637
5567;5637
5568;5640
5569;5640
5570;5641
5571;5642
5572;5643
5573;5644
5574;5644
5575;5646
5576;5646
5577;5649
5578;5649
5579;5649
5580;5651
5581;5653
5582;5654
5583;5656
5584;5656
5585;5656
5586;5659
5587;5662
5588;5662
5589;5663
5590;5663
5591;5666
5592;5666
5593;5666
5594;5667
5595;5667
5596;5668
5597;5670
5598;5673
5599;5674
5600;5677
5601;5677
5602;5677
5603;5679
5604;5679
5605;5680
5606;5680
5607;5680
5608;5684
5609;5687
5610;5687
5611;5687
5612;5687
5613;5689
5614;5691
5615;5691
5616;5691
5617;5694
5618;5696
5619;5696
5620;5698
5621;5698
5622;5698
5623;5700
5624;5700
5625;5702
5626;5702
5627;5704
5628;5704
5629;5705
5630;5705
5631;5705
5632;5707
5633;5707
5634;5709
5635;5709
5636;5711
5637;5713
5638;5713
5639;5714
5640;5716
5641;5716
5642;5717
5643;5717
5644;5718
5645;5720
5646;5723
5647;5723
5648;5723
5649;5725
5650;5725
5651;5726
5652;5726
5653;5728
5654;5730
5655;5730
5656;5730
5657;5731
5658;5732
5659;5733
5660;5733
5661;5733
5662;5736
5663;5736
5664;5738
5665;5738
5666;5740
5667;5741
5668;5742
5669;5742
5670;5745
5671;5745
5672;5746
5673;5748
5674;5749
5675;5749
5676;5749
5677;5752
5678;5752
5679;5754
5680;5754
5681;5756
5682;5758
5683;5758
5684;5759
5685;5759
5686;5763
5687;5763
5688;5766
5689;5766
5690;5766
5691;5769
5692;5769
5693;5770
5694;5773
5695;5773
5696;5773
5697;5774
5698;5776
5699;5776
5700;5777
5701;5777
5702;5777
5703;5777
5704;5779
5705;5779
5706;5780
5707;5781
5708;5781
5709;5781
5710;5782
5711;5784
5712;5784
5713;5784
5714;5786
5715;5787
5716;5788
5717;5788
5718;5790
5719;5790
5720;5791
5721;5791
5722;5793
5723;5793
5724;5795
5725;5795
5726;5797
5727;5798
5728;5798
5729;5800
5730;5800
5731;5801
5732;5803
5733;5804
5734;5806
5735;5807
5736;5809
5737;5809
5738;5809
5739;5809
5740;5812
5741;5812
5742;5812
5743;5814
5744;5814
5745;5816
5746;5816
5747;5817
5748;5822
5749;5822
5750;5822
5751;5824
5752;5824
5753;5824
5754;5826
5755;5826
5756;5827
5757;5830
5758;5830
5759;5832
5760;5833
5761;5833
5762;5835
5763;5837
5764;5837
5765;5838
5766;5838
5767;5840
5768;5841
5769;5842
5770;5842
5771;5843
5772;5844
5773;5845
5774;5846
5775;5848
5776;5849
5777;5850
5778;5850
5779;5852
5780;5854
5781;5855
5782;5856
5783;5858
5784;5859
5785;5859
5786;5862
5787;5863
5788;5863
5789;5865
5790;5865
5791;5867
5792;5867
5793;5868
5794;5869
5795;5869
5796;5872
5797;5872
5798;5872
5799;5872
5800;5873
5801;5875
5802;5875
5803;5877
5804;5877
5805;5878
5806;5880
5807;5882
5808;5882
5809;5883
5810;5883
5811;5885
5812;5887
5813;5887
5814;5887
5815;5888
5816;5891
5817;5892
5818;5892
5819;5893
5820;5896
5821;5896
5822;5897
5823;5897
5824;5899
5825;5902
5826;5902
5827;5903
5828;5905
5829;5905
5830;5905
5831;5906
5832;5906
5833;5906
5834;5909
5835;5910
5836;5915
5837;5915
5838;5917
5839;5919
5840;5919
5841;5920
5842;5920
5843;5920
5844;5922
5845;5922
5846;5926
5847;5926
5848;5928
5849;5928
5850;5928
5851;5928
5852;5928
5853;5929
5854;5929
5855;5929
5856;5929
5857;5930
5858;5930
5859;5931
5860;5932
5861;5934
5862;5936
5863;5936
5864;5938
5865;5938
5866;5941
5867;5944
5868;5944
5869;5946
5870;5946
5871;5946
5872;5947
5873;5947
5874;5949
5875;5952
5876;5952
5877;5955
5878;5955
5879;5955
5880;5959
5881;5959
5882;5962
5883;5962
5884;5963
5885;5963
5886;5963
5887;5966
5888;5966
5889;5969
5890;5969
5891;5969
5892;5972
5893;5973
5894;5973
5895;5973
5896;5974
5897;5974
5898;5974
5899;5976
5900;5976
5901;5978
5902;5978
5903;5981
5904;5981
5905;5981
5906;5981
5907;5981
5908;5983
5909;5984
5910;5985
5911;5985
5912;5985
5913;5989
5914;5989
5915;5989
5916;5989
5917;5989
5918;5991
5919;5991
5920;5992
5921;5994
5922;5995
5923;5995
5924;6001
5925;6001
5926;6002
5927;6002
5928;6002
5929;6008
5930;6008
5931;6011
5932;6011
5933;6011
5934;6013
5935;6013
5936;6013
5937;6013
5938;6014
5939;6016
5940;6017
5941;6017
5942;6017
5943;6019
5944;6019
5945;6019
5946;6020
5947;6021
5948;6021
5949;6021
5950;6021
5951;6021
5952;6024
5953;6024
5954;6024
5955;6024
5956;6026
5957;6027
5958;6028
5959;6028
5960;6030
5961;6033
5962;6033
5963;6034
5964;6035
5965;6037
5966;6037
5967;6038
5968;6040
5969;6043
5970;6044
5971;6046
5972;6046
5973;6046
5974;6047
5975;6049
5976;6049
5977;6049
5978;6051
5979;6053
5980;6053
5981;6053
5982;6056
5983;6056
5984;6059
5985;6059
5986;6062
5987;6062
5988;6062
5989;6063
5990;6064
5991;6066
5992;6066
5993;6067
5994;6069
5995;6069
5996;6069
5997;6070
5998;6070
5999;6071
6000;6073
6001;6076
6002;6076
6003;6076
6004;6078
6005;6078
6006;6079
6007;6080
6008;6082
6009;6083
6010;6084
6011;6084
6012;6085
6013;6086
6014;6088
6015;6090
6016;6090
6017;6091
6018;6091
6019;6092
6020;6093
6021;6095
6022;6095
6023;6097
6024;6097
6025;6098
6026;6099
6027;6101
6028;6103
6029;6104
6030;6104
6031;6104
6032;6104
6033;6106
6034;6108
6035;6108
6036;6109
6037;6110
6038;6110
6039;6110
6040;6112
6041;6113
6042;6114
6043;6115
6044;6116
6045;6118
6046;6121
6047;6124
6048;6124
6049;6124
6050;6124
6051;6125
6052;6126
6053;6127
6054;6128
6055;6128
6056;6131
6057;6131
6058;6131
6059;6133
6060;6134
6061;6135
6062;6135
6063;6137
6064;6137
6065;6138
6066;6139
6067;6140
6068;6143
6069;6143
6070;6143
6071;6144
6072;6146
6073;6149
6074;6149
6075;6149
6076;6149
6077;6149
6078;6150
6079;6151
6080;6152
6081;6154
6082;6154
6083;6156
6084;6156
6085;6157
6086;6160
6087;6162
6088;6162
6089;6163
6090;6165
6091;6165
6092;6168
6093;6168
6094;6168
6095;6168
6096;6171
6097;6171
6098;6174
6099;6174
6100;6174
6101;6174
6102;6178
6103;6178
6104;6179
6105;6179
6106;6182
6107;6182
6108;6182
6109;6182
6110;6185
6111;6185
6112;6186
6113;6187
6114;6187
6115;6188
6116;6190
6117;6190
6118;6192
6119;6193
6120;6195
6121;6195
6122;6196
6123;6196
6124;6196
6125;6196
6126;6197
6127;6200
6128;6201
6129;6202
6130;6205
6131;6208
6132;6208
6133;6208
6134;6208
6135;6208
6136;6209
6137;6210
6138;6210
6139;6211
6140;6213
6141;6213
6142;6214
6143;6214
6144;6216
6145;6219
6146;6219
6147;6222
6148;6222
6149;6223
6150;6223
6151;6223
6152;6225
6153;6225
6154;6226
6155;6228
6156;6228
6157;6229
6158;6230
6159;6234
6160;6234
6161;6236
6162;6237
6163;6237
6164;6238
6165;6238
6166;6240
6167;6241
6168;6241
6169;6243
6170;6243
6171;6243
6172;6243
6173;6245
6174;6245
6175;6247
6176;6248
6177;6248
6178;6250
6179;6251
6180;6251
6181;6251
6182;6254
6183;6254
6184;6255
6185;6256
6186;6261
6187;6261
6188;6262
6189;6264
6190;6264
6191;6265
6192;6267
6193;6267
6194;6270
6195;6272
6196;6272
6197;6272
6198;6272
6199;6273
6200;6273
6201;6275
6202;6275
6203;6276
6204;6279
6205;6279
6206;6281
6207;6282
6208;6282
6209;6282
6210;6284
6211;6286
6212;6286
6213;6286
6214;6288
6215;6290
6216;6291
6217;6291
6218;6291
6219;6293
6220;6293
6221;6294
6222;6294
6223;6295
6224;6295
6225;6296
6226;6299
6227;6301
6228;6301
6229;6301
6230;6304
6231;6304
6232;6304
6233;6305
6234;6307
6235;6307
6236;6308
6237;6309
6238;6309
6239;6312
6240;6313
6241;6314
6242;6317
6243;6319
6244;6319
6245;6322
6246;6322
6247;6322
6248;6322
6249;6323
6250;6323
6251;6323
6252;6327
6253;6329
6254;6329
6255;6329
6256;6332
6257;6333
6258;6333
6259;6333
6260;6333
6261;6335
6262;6335
6263;6336
6264;6339
6265;6339
6266;6339
6267;6339
6268;6341
6269;6342
6270;6344
6271;6344
6272;6345
6273;6347
6274;6347
6275;6349
6276;6349
6277;6349
6278;6349
6279;6351
6280;6352
6281;6354
6282;6355
6283;6356
6284;6356
6285;6357
6286;6358
6287;6361
6288;6361
6289;6362
6290;6364
6291;6364
6292;6366
6293;6366
6294;6368
6295;6368
6296;6370
6297;6370
6298;6372
6299;6373
6300;6374
6301;6376
6302;6376
6303;6377
6304;6378
6305;6378
6306;6381
6307;6383
6308;6385
6309;6385
6310;6386
6311;6386
6312;6387
6313;6387
6314;6389
6315;6389
6316;6389
6317;6389
6318;6390
6319;6392
6320;6392
6321;6393
6322;6394
6323;6395
6324;6396
6325;6396
6326;6399
6327;6399
6328;6401
6329;6401
6330;6403
6331;6404
6332;6404
6333;6406
6334;6406
6335;6407
6336;6408
6337;6410
6338;6410
6339;6412
6340;6413
6341;6413
6342;6413
6343;6416
6344;6416
6345;6418
6346;6421
6347;6421
6348;6421
6349;6421
6350;6424
6351;6428
6352;6428
6353;6428
6354;6429
6355;6429
6356;6430
6357;6431
6358;6431
6359;6433
6360;6434
6361;6434
6362;6435
6363;6435
6364;6437
6365;6437
6366;6437
6367;6438
6368;6440
6369;6442
6370;6442
6371;6445
6372;6446
6373;6446
6374;6446
6375;6448
6376;6448
6377;6449
6378;6450
6379;6451
6380;6451
6381;6451
6382;6451
6383;6455
6384;6458
6385;6458
6386;6460
6387;6462
6388;6462
6389;6462
6390;6462
6391;6462
6392;6462
6393;6464
6394;6465
6395;6467
6396;6468
6397;6468
6398;6468
6399;6473
6400;6473
6401;6473
6402;6473
6403;6474
6404;6474
6405;6475
6406;6476
6407;6478
6408;6479
6409;6480
6410;6480
6411;6481
6412;6482
6413;6485
6414;6487
6415;6487
6416;6487
6417;6490
6418;6490
6419;6491
6420;6493
6421;6493
6422;6493
6423;6495
6424;6496
6425;6497
6426;6500
6427;6500
6428;6501
6429;6502
6430;6502
6431;6503
6432;6503
6433;6505
6434;6506
6435;6506
6436;6508
6437;6509
6438;6509
6439;6511
6440;6513
6441;6513
6442;6513
6443;6515
6444;6517
6445;6520
6446;6520
6447;6522
6448;6522
6449;6523
6450;6524
6451;6524
6452;6526
6453;6526
6454;6529
6455;6529
6456;6531
6457;6531
6458;6531
6459;6534
6460;6534
6461;6535
6462;6536
6463;6537
6464;6537
6465;6539
6466;6540
6467;6540
6468;6540
6469;6543
6470;6543
6471;6544
6472;6544
6473;6546
6474;6547
6475;6547
6476;6548
6477;6550
6478;6550
6479;6553
6480;6555
6481;6555
6482;6555
6483;6555
6484;6557
6485;6558
6486;6558
6487;6560
6488;6560
6489;6560
6490;6563
6491;6564
6492;6564
6493;6565
6494;6565
6495;6568
6496;6568
6497;6570
6498;6572
6499;6572
6500;6573
6501;6573
6502;6575
6503;6576
6504;6577
6505;6579
6506;6579
6507;6580
6508;6580
6509;6581
6510;6582
6511;6586
6512;6587
6513;6587
6514;6589
6515;6591
6516;6591
6517;6593
6518;6593
6519;6593
6520;6593
6521;6593
6522;6594
6523;6598
6524;6598
6525;6599
6526;6599
6527;6599
6528;6599
6529;6602
6530;6602
6531;6604
6532;6605
6533;6607
6534;6607
6535;6609
6536;6612
6537;6612
6538;6612
6539;6614
6540;6614
6541;6614
6542;6615
6543;6616
6544;6616
6545;6616
6546;6619
6547;6619
6548;6620
6549;6622
6550;6623
6551;6623
6552;6626
6553;6628
6554;6630
6555;6630
6556;6630
6557;6633
6558;6633
6559;6634
6560;6634
6561;6634
6562;6637
6563;6637
6564;6637
6565;6638
6566;6638
6567;6639
6568;6640
6569;6640
6570;6643
6571;6643
6572;6643
6573;6647
6574;6649
6575;6649
6576;6650
6577;6651
6578;6651
6579;6653
6580;6655
6581;6655
6582;6657
6583;6657
6584;6657
6585;6658
6586;6661
6587;6661
6588;6662
6589;6662
6590;6665
6591;6665
6592;6666
6593;6666
6594;6667
6595;6670
6596;6670
6597;6672
6598;6672
6599;6672
6600;6674
6601;6675
6602;6675
6603;6676
6604;6676
6605;6680
6606;6680
6607;6680
6608;6680
6609;6682
6610;6683
6611;6684
6612;6684
6613;6685
6614;6687
6615;6688
6616;6688
6617;6690
6618;6690
6619;6691
6620;6691
6621;6691
6622;6692
6623;6695
6624;6696
6625;6696
6626;6698
6627;6700
6628;6700
6629;6702
6630;6702
6631;6703
6632;6703
6633;6705
6634;6705
6635;6707
6636;6707
6637;6707
6638;6709
6639;6714
6640;6714
6641;6714
6642;6715
6643;6715
6644;6716
6645;6717
6646;6718
6647;6718
6648;6719
6649;6721
6650;6721
6651;6722
6652;6723
6653;6725
6654;6725
6655;6727
6656;6729
6657;6731
6658;6731
6659;6735
6660;6735
6661;6737
6662;6739
6663;6739
6664;6739
6665;6741
6666;6742
6667;6742
6668;6742
6669;6743
6670;6743
6671;6745
6672;6745
6673;6747
6674;6747
6675;6749
6676;6749
6677;6749
6678;6749
6679;6749
6680;6751
6681;6751
6682;6753
6683;6756
6684;6757
6685;6757
6686;6757
6687;6758
6688;6759
6689;6759
6690;6760
6691;6763
6692;6765
6693;6765
6694;6765
6695;6767
6696;6767
6697;6769
6698;6770
6699;6772
6700;6773
6701;6773
6702;6776
6703;6776
6704;6778
6705;6778
6706;6778
6707;6779
6708;6780
6709;6781
6710;6781
6711;6782
6712;6788
6713;6790
6714;6790
6715;6791
6716;6793
6717;6793
6718;6793
6719;6794
6720;6797
6721;6797
6722;6797
6723;6797
6724;6798
6725;6799
6726;6800
6727;6800
6728;6801
6729;6801
6730;6802
6731;6804
6732;6804
6733;6806
6734;6807
6735;6807
6736;6809
6737;6810
6738;6811
6739;6811
6740;6812
6741;6814
6742;6815
6743;6816
6744;6816
6745;6818
6746;6819
6747;6819
6748;6820
6749;6821
6750;6822
6751;6824
6752;6825
6753;6825
6754;6827
6755;6827
6756;6829
6757;6829
6758;6830
6759;6833
6760;6834
6761;6834
6762;6834
6763;6835
6764;6837
6765;6837
6766;6839
6767;6839
6768;6840
6769;6841
6770;6841
6771;6842
6772;6842
6773;6844
6774;6846
6775;6848
6776;6851
6777;6851
6778;6851
6779;6852
6780;6855
6781;6855
6782;6855
6783;6857
6784;6857
6785;6857
6786;6859
6787;6860
6788;6863
6789;6864
6790;6864
6791;6864
6792;6866
6793;6866
6794;6866
6795;6868
6796;6870
6797;6871
6798;6872
6799;6873
6800;6873
6801;6874
6802;6875
6803;6876
6804;6877
6805;6878
6806;6879
6807;6880
6808;6882
6809;6882
6810;6885
6811;6886
6812;6886
6813;6886
6814;6889
6815;6889
6816;6889
6817;6891
6818;6892
6819;6892
6820;6894
6821;6894
6822;6895
6823;6896
6824;6898
6825;6900
6826;6900
6827;6902
6828;6902
6829;6902
6830;6903
6831;6903
6832;6904
6833;6907
6834;6907
6835;6908
6836;6908
6837;6910
6838;6913
6839;6914
6840;6916
6841;6916
6842;6918
6843;6919
6844;6919
6845;6922
6846;6924
6847;6924
6848;6924
6849;6924
6850;6925
6851;6925
6852;6926
6853;6926
6854;6930
6855;6930
6856;6930
6857;6930
6858;6932
6859;6932
6860;6933
6861;6935
6862;6935
6863;6936
6864;6939
6865;6940
6866;6941
6867;6941
6868;6942
6869;6943
6870;6943
6871;6944
6872;6945
6873;6946
6874;6946
6875;6949
6876;6949
6877;6949
6878;6950
6879;6951
6880;6953
6881;6954
6882;6954
6883;6955
6884;6958
6885;6960
6886;6960
6887;6962
6888;6962
6889;6964
6890;6964
6891;6966
6892;6966
6893;6966
6894;6968
6895;6968
6896;6971
6897;6971
6898;6971
6899;6973
6900;6973
6901;6975
6902;6975
6903;6977
6904;6979
6905;6979
6906;6979
6907;6980
6908;6982
6909;6982
6910;6985
6911;6985
6912;6985
6913;6989
6914;6991
6915;6993
6916;6993
6917;6994
6918;6995
6919;6995
6920;6995
6921;6998
6922;7000
6923;7000
6924;7000
6925;7002
6926;7002
6927;7002
6928;7002
6929;7004
6930;7004
6931;7006
6932;7006
6933;7006
6934;7008
6935;7009
6936;7009
6937;7011
6938;7012
6939;7014
6940;7015
6941;7015
6942;7015
6943;7016
6944;7018
6945;7018
6946;7018
6947;7020
6948;7021
6949;7023
6950;7023
6951;7024
6952;7024
6953;7027
6954;7029
6955;7029
6956;7029
6957;7030
6958;7030
6959;7030
6960;7033
6961;7033
6962;7035
6963;7037
6964;7037
6965;7037
6966;7038
6967;7038
6968;7041
6969;7041
6970;7042
6971;7042
6972;7045
6973;7046
6974;7046
6975;7048
6976;7048
6977;7049
6978;7052
6979;7054
6980;7054
6981;7055
6982;7055
6983;7056
6984;7058
6985;7058
6986;7060
6987;7063
6988;7063
6989;7063
6990;7064
6991;7066
6992;7066
6993;7070
6994;7070
6995;7070
6996;7071
6997;7075
6998;7075
6999;7076
7000;7076
7001;7079
7002;7079
7003;7080
7004;7080
7005;7083
7006;7083
7007;7083
7008;7083
7009;7085
7010;7085
7011;7086
7012;7088
7013;7089
7014;7089
7015;7089
7016;7091
7017;7092
7018;7092
7019;7092
7020;7094
7021;7097
7022;7097
7023;7098
7024;7098
7025;7098
7026;7098
7027;7100
7028;7101
7029;7103
7030;7104
7031;7108
7032;7108
7033;7109
7034;7109
7035;7114
7036;7114
7037;7114
7038;7114
7039;7114
7040;7115
7041;7117
7042;7117
7043;7118
7044;7118
7045;7118
7046;7118
7047;7119
7048;7122
7049;7122
7050;7122
7051;7123
7052;7125
7053;7125
7054;7128
7055;7128
7056;7128
7057;7134
7058;7135
7059;7135
7060;7135
7061;7135
7062;7137
7063;7138
7064;7140
7065;7140
7066;7140
7067;7144
7068;7144
7069;7145
7070;7147
7071;7147
7072;7147
7073;7148
7074;7148
7075;7150
7076;7150
7077;7151
7078;7152
7079;7152
7080;7153
7081;7156
7082;7156
7083;7156
7084;7157
7085;7157
7086;7161
7087;7161
7088;7161
7089;7165
7090;7165
7091;7165
7092;7166
7093;7166
7094;7167
7095;7169
7096;7169
7097;7170
7098;7172
7099;7174
7100;7174
7101;7176
7102;7177
7103;7177
7104;7180
7105;7180
7106;7184
7107;7184
7108;7184
7109;7186
7110;7186
7111;7186
7112;7188
7113;7191
7114;7191
7115;7191
7116;7197
7117;7197
7118;7197
7119;7197
7120;7198
7121;7198
7122;7199
7123;7200
7124;7201
7125;7201
7126;7201
7127;7201
7128;7203
7129;7203
7130;7206
7131;7206
7132;7208
7133;7208
7134;7208
7135;7210
7136;7210
7137;7210
7138;7210
7139;7211
7140;7213
7141;7214
7142;7214
7143;7216
7144;7217
7145;7217
7146;7218
7147;7220
7148;7221
7149;7223
7150;7225
7151;7225
7152;7226
7153;7227
7154;7227
7155;7228
7156;7228
7157;7230
7158;7230
7159;7232
7160;7232
7161;7233
7162;7235
7163;7236
7164;7237
7165;7237
7166;7238
7167;7238
7168;7239
7169;7240
7170;7244
7171;7244
7172;7244
7173;7246
7174;7248
7175;7248
7176;7249
7177;7249
7178;7250
7179;7250
7180;7250
7181;7252
7182;7253
7183;7255
7184;7255
7185;7255
7186;7256
7187;7258
7188;7261
7189;7261
7190;7261
7191;7261
7192;7264
7193;7264
7194;7265
7195;7268
7196;7268
7197;7268
7198;7271
7199;7271
7200;7271
7201;7272
7202;7276
7203;7276
7204;7276
7205;7278
7206;7278
7207;7279
7208;7279
7209;7280
7210;7281
7211;7282
7212;7282
7213;7285
7214;7285
7215;7286
7216;7286
7217;7289
7218;7292
7219;7292
7220;7294
7221;7294
7222;7296
7223;7296
7224;7296
7225;7299
7226;7300
7227;7300
7228;7300
7229;7300
7230;7302
7231;7303
7232;7303
7233;7305
7234;7305
7235;7305
7236;7306
7237;7306
7238;7308
7239;7308
7240;7310
7241;7312
7242;7312
7243;7314
7244;7314
7245;7315
7246;7318
7247;7318
7248;7318
7249;7320
7250;7320
7251;7323
7252;7323
7253;7325
7254;7325
7255;7329
7256;7330
7257;7331
7258;7332
7259;7332
7260;7333
7261;7333
7262;7334
7263;7334
7264;7334
7265;7335
7266;7338
7267;7340
7268;7340
7269;7340
7270;7341
7271;7344
7272;7344
7273;7344
7274;7347
7275;7350
7276;7350
7277;7350
7278;7352
7279;7355
7280;7355
7281;7355
7282;7357
7283;7357
7284;7359
7285;7361
7286;7361
7287;7361
7288;7362
7289;7362
7290;7364
7291;7364
7292;7364
7293;7366
7294;7368
7295;7368
7296;7369
7297;7369
7298;7369
7299;7371
7300;7373
7301;7373
7302;7375
7303;7376
7304;7378
7305;7378
7306;7378
7307;7379
7308;7380
7309;7380
7310;7381
7311;7383
7312;7383
7313;7383
7314;7385
7315;7386
7316;7388
7317;7388
7318;7390
7319;7391
7320;7392
7321;7393
7322;7394
7323;7394
7324;7397
7325;7397
7326;7397
7327;7399
7328;7399
7329;7399
7330;7400
7331;7403
7332;7404
7333;7404
7334;7406
7335;7406
7336;7408
7337;7412
7338;7412
7339;7413
7340;7414
7341;7414
7342;7415
7343;7417
7344;7417
7345;7419
7346;7419
7347;7423
7348;7423
7349;7425
7350;7425
7351;7425
7352;7426
7353;7426
7354;7428
7355;7428
7356;7430
7357;7432
7358;7432
7359;7433
7360;7436
7361;7437
7362;7437
7363;7437
7364;7440
7365;7440
7366;7440
7367;7440
7368;7441
7369;7441
7370;7442
7371;7447
7372;7449
7373;7449
7374;7451
7375;7451
7376;7454
7377;7454
7378;7454
7379;7454
7380;7457
7381;7457
7382;7457
7383;7459
7384;7459
7385;7459
7386;7459
7387;7460
7388;7462
7389;7462
7390;7463
7391;7466
7392;7466
7393;7466
7394;7468
7395;7468
7396;7469
7397;7470
7398;7470
7399;7475
7400;7475
7401;7475
7402;7476
7403;7478
7404;7481
7405;7481
7406;7481
7407;7482
7408;7482
7409;7485
7410;7485
7411;7485
7412;7487
7413;7487
7414;7487
7415;7487
7416;7488
7417;7489
7418;7489
7419;7494
7420;7494
7421;7497
7422;7497
7423;7497
7424;7501
7425;7503
7426;7506
7427;7506
7428;7506
7429;7506
7430;7509
7431;7509
7432;7509
7433;7510
7434;7510
7435;7510
7436;7510
7437;7511
7438;7511
7439;7516
7440;7518
7441;7518
7442;7518
7443;7519
7444;7520
7445;7522
7446;7525
7447;7525
7448;7525
7449;7525
7450;7525
7451;7526
7452;7527
7453;7527
7454;7530
7455;7531
7456;7531
7457;7532
7458;7532
7459;7532
7460;7532
7461;7533
7462;7533
7463;7535
7464;7535
7465;7539
7466;7539
7467;7540
7468;7540
7469;7540
7470;7541
7471;7543
7472;7544
7473;7544
7474;7546
7475;7546
7476;7549
7477;7551
7478;7554
7479;7554
7480;7554
7481;7557
7482;7557
7483;7557
7484;7560
7485;7560
7486;7560
7487;7561
7488;7561
7489;7561
7490;7562
7491;7562
7492;7566
7493;7566
7494;7567
7495;7567
7496;7567
7497;7571
7498;7571
7499;7571
7500;7572
7501;7572
7502;7572
7503;7575
7504;7575
7505;7577
7506;7577
7507;7577
7508;7577
7509;7578
7510;7580
7511;7580
7512;7581
7513;7581
7514;7583
7515;7585
7516;7585
7517;7586
7518;7586
7519;7588
7520;7589
7521;7590
7522;7594
7523;7594
7524;7595
7525;7597
7526;7597
7527;7597
7528;7599
7529;7602
7530;7602
7531;7603
7532;7604
7533;7604
7534;7606
7535;7606
7536;7606
7537;7607
7538;7610
7539;7610
7540;7611
7541;7613
7542;7614
7543;7614
7544;7614
7545;7616
7546;7616
7547;7619
7548;7620
7549;7620
7550;7622
7551;7622
7552;7622
7553;7624
7554;7624
7555;7624
7556;7626
7557;7628
7558;7628
7559;7629
7560;7630
7561;7630
7562;7631
7563;7631
7564;7632
7565;7634
7566;7634
7567;7636
7568;7636
7569;7636
7570;7638
7571;7640
7572;7642
7573;7642
7574;7644
7575;7647
7576;7648
7577;7650
7578;7650
7579;7651
7580;7651
7581;7651
7582;7651
7583;7653
7584;7653
7585;7654
7586;7655
7587;7658
7588;7658
7589;7659
7590;7661
7591;7666
7592;7666
7593;7666
7594;7666
7595;7667
7596;7669
7597;7669
7598;7672
7599;7672
7600;7673
7601;7673
7602;7674
7603;7675
7604;7675
7605;7676
7606;7678
7607;7680
7608;7681
7609;7681
7610;7685
7611;7685
7612;7686
7613;7686
7614;7687
7615;7687
7616;7687
7617;7690
7618;7690
7619;7691
7620;7694
7621;7695
7622;7695
7623;7697
7624;7698
7625;7699
7626;7699
7627;7701
7628;7704
7629;7706
7630;7706
7631;7706
7632;7708
7633;7709
7634;7709
7635;7712
7636;7714
7637;7719
7638;7719
7639;7720
7640;7720
7641;7720
7642;7722
7643;7722
7644;7722
7645;7723
7646;7723
7647;7723
7648;7725
7649;7725
7650;7725
7651;7727
7652;7729
7653;7729
7654;7730
7655;7730
7656;7732
7657;7732
7658;7733
7659;7733
7660;7737
7661;7737
7662;7737
7663;7739
7664;7739
7665;7741
7666;7741
7667;7741
7668;7741
7669;7743
7670;7743
7671;7743
7672;7746
7673;7746
7674;7746
7675;7749
7676;7752
7677;7752
7678;7752
7679;7754
7680;7754
7681;7756
7682;7757
7683;7757
7684;7757
7685;7758
7686;7759
7687;7761
7688;7761
7689;7764
7690;7766
7691;7766
7692;7766
7693;7766
7694;7768
7695;7770
7696;7772
7697;7775
7698;7775
7699;7776
7700;7776
7701;7776
7702;7779
7703;7779
7704;7781
7705;7781
7706;7781
7707;7784
7708;7784
7709;7784
7710;7787
7711;7789
7712;7789
7713;7789
7714;7789
7715;7791
7716;7791
7717;7792
7718;7792
7719;7792
7720;7792
7721;7795
7722;7796
7723;7796
7724;7797
7725;7797
7726;7797
7727;7801
7728;7801
7729;7802
7730;7803
7731;7805
7732;7805
7733;7806
7734;7807
7735;7807
7736;7808
7737;7809
7738;7810
7739;7811
7740;7811
7741;7813
7742;7814
7743;7814
7744;7815
7745;7815
7746;7817
7747;7817
7748;7821
7749;7821
7750;7822
7751;7823
7752;7824
7753;7824
7754;7825
7755;7830
7756;7832
7757;7832
7758;7832
7759;7832
7760;7833
7761;7835
7762;7835
7763;7838
7764;7838
7765;7839
7766;7839
7767;7839
7768;7841
7769;7841
7770;7843
7771;7845
7772;7845
7773;7847
7774;7847
7775;7850
7776;7850
7777;7850
7778;7853
7779;7853
7780;7853
7781;7853
7782;7855
7783;7857
7784;7859
7785;7859
7786;7863
7787;7863
7788;7865
7789;7867
7790;7867
7791;7867
7792;7867
7793;7871
7794;7872
7795;7872
7796;7872
7797;7876
7798;7876
7799;7876
7800;7876
7801;7877
7802;7877
7803;7877
7804;7878
7805;7879
7806;7879
7807;7882
7808;7883
7809;7883
7810;7883
7811;7884
7812;7884
7813;7889
7814;7890
7815;7890
7816;7892
7817;7892
7818;7892
7819;7892
7820;7895
7821;7897
7822;7897
7823;7897
7824;7899
7825;7899
7826;7900
7827;7903
7828;7905
7829;7907
7830;7909
7831;7909
7832;7912
7833;7914
7834;7914
7835;7914
7836;7914
7837;7917
7838;7919
7839;7919
7840;7919
7841;7919
7842;7922
7843;7925
7844;7925
7845;7926
7846;7928
7847;7928
7848;7928
7849;7930
7850;7930
7851;7931
7852;7931
7853;7933
7854;7933
7855;7933
7856;7933
7857;7934
7858;7934
7859;7938
7860;7938
7861;7939
7862;7939
7863;7940
7864;7940
7865;7940
7866;7942
7867;7943
7868;7944
7869;7946
7870;7946
7871;7946
7872;7948
7873;7949
7874;7949
7875;7950
7876;7953
7877;7953
7878;7955
7879;7957
7880;7957
7881;7958
7882;7958
7883;7959
7884;7961
7885;7961
7886;7961
7887;7961
7888;7962
7889;7962
7890;7962
7891;7964
7892;7967
7893;7968
7894;7968
7895;7969
7896;7969
7897;7973
7898;7973
7899;7973
7900;7975
7901;7975
7902;7977
7903;7977
7904;7978
7905;7979
7906;7980
7907;7982
7908;7982
7909;7982
7910;7984
7911;7984
7912;7986
7913;7986
7914;7987
7915;7989
7916;7989
7917;7989
7918;7991
7919;7994
7920;7994
7921;7995
7922;7995
7923;7997
7924;7999
7925;7999
7926;7999
7927;7999
7928;8000
7929;8001
7930;8001
7931;8004
7932;8007
7933;8007
7934;8007
7935;8010
7936;8010
7937;8011
7938;8013
7939;8014
7940;8014
7941;8016
7942;8016
7943;8018
7944;8018
7945;8018
7946;8018
7947;8020
7948;8021
7949;8023
7950;8023
7951;8023
7952;8024
7953;8026
7954;8026
7955;8030
7956;8030
7957;8035
7958;8035
7959;8039
7960;8041
7961;8041
7962;8041
7963;8041
7964;8041
7965;8042
7966;8042
7967;8043
7968;8046
7969;8046
7970;8047
7971;8049
7972;8049
7973;8049
7974;8049
7975;8049
7976;8049
7977;8052
7978;8054
7979;8056
7980;8056
7981;8056
7982;8057
7983;8058
7984;8059
7985;8061
7986;8061
7987;8062
7988;8063
7989;8065
7990;8065
7991;8067
7992;8067
7993;8069
7994;8069
7995;8070
7996;8071
7997;8071
7998;8074
7999;8074
8000;8076
8001;8076
8002;8076
8003;8078
8004;8079
8005;8079
8006;8080
8007;8080
8008;8082
8009;8083
8010;8084
8011;8084
8012;8085
8013;8087
8014;8088
8015;8088
8016;8089
8017;8091
8018;8092
8019;8093
8020;8094
8021;8095
8022;8095
8023;8095
8024;8096
8025;8097
8026;8099
8027;8099
8028;8100
8029;8101
8030;8103
8031;8105
8032;8105
8033;8105
8034;8106
8035;8108
8036;8112
8037;8112
8038;8112
8039;8112
8040;8114
8041;8114
8042;8116
8043;8121
8044;8121
8045;8124
8046;8124
8047;8124
8048;8125
8049;8125
8050;8127
8051;8129
8052;8129
8053;8131
8054;8131
8055;8131
8056;8131
8057;8131
8058;8134
8059;8134
8060;8135
8061;8135
8062;8135
8063;8137
8064;8139
8065;8139
8066;8139
8067;8142
8068;8142
8069;8142
8070;8143
8071;8145
8072;8148
8073;8148
8074;8148
8075;8149
8076;8150
8077;8150
8078;8151
8079;8152
8080;8152
8081;8152
8082;8154
8083;8157
8084;8158
8085;8159
8086;8159
8087;8161
8088;8162
8089;8165
8090;8165
8091;8165
8092;8167
8093;8169
8094;8169
8095;8169
8096;8170
8097;8171
8098;8173
8099;8173
8100;8173
8101;8176
8102;8177
8103;8177
8104;8177
8105;8180
8106;8180
8107;8183
8108;8183
8109;8185
8110;8186
8111;8186
8112;8186
8113;8187
8114;8187
8115;8188
8116;8189
8117;8190
8118;8191
8119;8192
8120;8193
8121;8194
8122;8194
8123;8196
8124;8196
8125;8198
8126;8198
8127;8199
8128;8202
8129;8202
8130;8203
8131;8204
8132;8207
8133;8207
8134;8208
8135;8208
8136;8208
8137;8210
8138;8210
8139;8211
8140;8211
8141;8214
8142;8217
8143;8217
8144;8219
8145;8219
8146;8220
8147;8220
8148;8223
8149;8224
8150;8226
8151;8226
8152;8226
8153;8226
8154;8228
8155;8230
8156;8230
8157;8232
8158;8232
8159;8235
8160;8235
8161;8238
8162;8238
8163;8240
8164;8241
8165;8242
8166;8244
8167;8244
8168;8244
8169;8247
8170;8247
8171;8247
8172;8247
8173;8249
8174;8249
8175;8249
8176;8251
8177;8253
8178;8253
8179;8253
8180;8253
8181;8256
8182;8257
8183;8257
8184;8260
8185;8260
8186;8263
8187;8265
8188;8265
8189;8265
8190;8266
8191;8270
8192;8270
8193;8270
8194;8270
8195;8273
8196;8273
8197;8276
8198;8276
8199;8276
8200;8278
8201;8278
8202;8278
8203;8279
8204;8279
8205;8279
8206;8280
8207;8281
8208;8284
8209;8284
8210;8284
8211;8284
8212;8286
8213;8286
8214;8288
8215;8290
8216;8290
8217;8291
8218;8291
8219;8294
8220;8294
8221;8294
8222;8295
8223;8297
8224;8297
8225;8299
8226;8299
8227;8301
8228;8301
8229;8302
8230;8303
8231;8304
8232;8308
8233;8308
8234;8309
8235;8309
8236;8310
8237;8311
8238;8311
8239;8312
8240;8312
8241;8315
8242;8315
8243;8317
8244;8318
8245;8318
8246;8318
8247;8319
8248;8321
8249;8321
8250;8321
8251;8321
8252;8323
8253;8323
8254;8325
8255;8326
8256;8326
8257;8326
8258;8328
8259;8328
8260;8328
8261;8329
8262;8333
8263;8335
8264;8336
8265;8336
8266;8337
8267;8338
8268;8339
8269;8339
8270;8339
8271;8342
8272;8344
8273;8346
8274;8346
8275;8347
8276;8348
8277;8351
8278;8351
8279;8351
8280;8351
8281;8352
8282;8352
8283;8353
8284;8355
8285;8355
8286;8356
8287;8358
8288;8358
8289;8360
8290;8363
8291;8363
8292;8365
8293;8366
8294;8366
8295;8366
8296;8368
8297;8370
8298;8370
8299;8370
8300;8370
8301;8372
8302;8372
8303;8374
8304;8374
8305;8377
8306;8378
8307;8380
8308;8381
8309;8382
8310;8383
8311;8385
8312;8385
8313;8387
8314;8387
8315;8387
8316;8388
8317;8388
8318;8391
8319;8393
8320;8393
8321;8395
8322;8395
8323;8399
8324;8402
8325;8403
8326;8403
8327;8403
8328;8403
8329;8403
8330;8404
8331;8404
8332;8405
8333;8405
8334;8406
8335;8406
8336;8408
8337;8408
8338;8408
8339;8410
8340;8410
8341;8413
8342;8415
8343;8415
8344;8416
8345;8416
8346;8416
8347;8419
8348;8420
8349;8420
8350;8423
8351;8423
8352;8423
8353;8424
8354;8425
8355;8426
8356;8429
8357;8429
8358;8430
8359;8430
8360;8431
8361;8433
8362;8433
8363;8435
8364;8436
8365;8438
8366;8438
8367;8438
8368;8442
8369;8442
8370;8443
8371;8445
8372;8445
8373;8445
8374;8447
8375;8448
8376;8450
8377;8450
8378;8450
8379;8452
8380;8455
8381;8456
8382;8456
8383;8456
8384;8457
8385;8458
8386;8461
8387;8461
8388;8464
8389;8464
8390;8464
8391;8465
8392;8465
8393;8466
8394;8466
8395;8468
8396;8471
8397;8471
8398;8471
8399;8471
8400;8472
8401;8472
8402;8473
8403;8475
8404;8475
8405;8477
8406;8478
8407;8480
8408;8480
8409;8480
8410;8482
8411;8482
8412;8484
8413;8484
8414;8484
8415;8486
8416;8488
8417;8489
8418;8490
8419;8490
8420;8493
8421;8493
8422;8495
8423;8496
8424;8497
8425;8498
8426;8499
8427;8501
8428;8503
8429;8503
8430;8504
8431;8505
8432;8508
8433;8509
8434;8511
8435;8511
8436;8511
8437;8511
8438;8511
8439;8511
8440;8513
8441;8514
8442;8515
8443;8520
8444;8520
8445;8520
8446;8522
8447;8522
8448;8522
8449;8523
8450;8523
8451;8526
8452;8529
8453;8531
8454;8531
8455;8531
8456;8532
8457;8532
8458;8533
8459;8533
8460;8533
8461;8538
8462;8538
8463;8540
8464;8540
8465;8540
8466;8542
8467;8542
8468;8545
8469;8546
8470;8546
8471;8548
8472;8548
8473;8548
8474;8548
8475;8549
8476;8549
8477;8549
8478;8552
8479;8554
8480;8554
8481;8554
8482;8556
8483;8557
8484;8559
8485;8559
8486;8559
8487;8560
8488;8561
8489;8562
8490;8562
8491;8564
8492;8564
8493;8566
8494;8566
8495;8567
8496;8567
8497;8568
8498;8568
8499;8571
8500;8572
8501;8574
8502;8575
8503;8577
8504;8578
8505;8579
8506;8579
8507;8582
8508;8582
8509;8583
8510;8585
8511;8585
8512;8585
8513;8585
8514;8587
8515;8588
8516;8590
8517;8590
8518;8591
8519;8592
8520;8593
8521;8594
8522;8595
8523;8596
8524;8596
8525;8597
8526;8602
8527;8602
8528;8602
8529;8603
8530;8603
8531;8605
8532;8608
8533;8608
8534;8608
8535;8610
8536;8610
8537;8612
8538;8612
8539;8612
8540;8616
8541;8616
8542;8616
8543;8617
8544;8617
8545;8619
8546;8619
8547;8621
8548;8621
8549;8622
8550;8623
8551;8623
8552;8625
8553;8625
8554;8628
8555;8629
8556;8629
8557;8631
8558;8631
8559;8632
8560;8633
8561;8633
8562;8634
8563;8635
8564;8635
8565;8636
8566;8637
8567;8638
8568;8639
8569;8641
8570;8641
8571;8642
8572;8644
8573;8644
8574;8645
8575;8646
8576;8647
8577;8649
8578;8650
8579;8650
8580;8653
8581;8654
8582;8655
8583;8656
8584;8658
8585;8659
8586;8660
8587;8660
8588;8660
8589;8660
8590;8662
8591;8662
8592;8663
8593;8663
8594;8664
8595;8665
8596;8666
8597;8667
8598;8667
8599;8668
8600;8670
8601;8670
8602;8672
8603;8673
8604;8674
8605;8675
8606;8675
8607;8678
8608;8678
8609;8679
8610;8680
8611;8682
8612;8682
8613;8684
8614;8686
8615;8686
8616;8686
8617;8687
8618;8691
8619;8692
8620;8694
8621;8694
8622;8694
8623;8694
8624;8695
8625;8697
8626;8697
8627;8701
8628;8705
8629;8705
8630;8706
8631;8706
8632;8707
8633;8707
8634;8709
8635;8709
8636;8709
8637;8711
8638;8713
8639;8713
8640;8714
8641;8714
8642;8716
8643;8716
8644;8719
8645;8719
8646;8721
8647;8721
8648;8721
8649;8723
8650;8723
8651;8723
8652;8723
8653;8725
8654;8726
8655;8726
8656;8726
8657;8728
8658;8728
8659;8731
8660;8731
8661;8732
8662;8733
8663;8734
8664;8734
8665;8735
8666;8737
8667;8737
8668;8739
8669;8740
8670;8741
8671;8742
8672;8743
8673;8745
8674;8746
8675;8746
8676;8747
8677;8749
8678;8750
8679;8750
8680;8750
8681;8750
8682;8753
8683;8756
8684;8756
8685;8758
8686;8758
8687;8759
8688;8759
8689;8762
8690;8762
8691;8763
8692;8763
8693;8765
8694;8767
8695;8767
8696;8769
8697;8770
8698;8771
8699;8772
8700;8772
8701;8775
8702;8777
8703;8777
8704;8780
8705;8780
8706;8781
8707;8781
8708;8781
8709;8783
8710;8784
8711;8785
8712;8786
8713;8788
8714;8788
8715;8788
8716;8790
8717;8796
8718;8798
8719;8800
8720;8800
8721;8800
8722;8802
8723;8802
8724;8802
8725;8803
8726;8803
8727;8804
8728;8804
8729;8806
8730;8806
8731;8807
8732;8808
8733;8808
8734;8808
8735;8809
8736;8809
8737;8811
8738;8811
8739;8811
8740;8813
8741;8816
8742;8817
8743;8818
8744;8818
8745;8820
8746;8820
8747;8822
8748;8822
8749;8822
8750;8824
8751;8825
8752;8826
8753;8827
8754;8829
8755;8829
8756;8829
8757;8829
8758;8830
8759;8830
8760;8830
8761;8832
8762;8834
8763;8834
8764;8837
8765;8840
8766;8840
8767;8842
8768;8842
8769;8843
8770;8843
8771;8843
8772;8845
8773;8845
8774;8847
8775;8847
8776;8851
8777;8853
8778;8853
8779;8854
8780;8854
8781;8858
8782;8858
8783;8859
8784;8860
8785;8860
8786;8863
8787;8863
8788;8865
8789;8865
8790;8866
8791;8866
8792;8866
8793;8866
8794;8867
8795;8867
8796;8870
8797;8871
8798;8872
8799;8872
8800;8873
8801;8875
8802;8876
8803;8876
8804;8878
8805;8878
8806;8880
8807;8880
8808;8882
8809;8882
8810;8885
8811;8885
8812;8885
8813;8886
8814;8887
8815;8888
8816;8888
8817;8889
8818;8893
8819;8893
8820;8893
8821;8895
8822;8895
8823;8895
8824;8897
8825;8897
8826;8898
8827;8900
8828;8901
8829;8901
8830;8904
8831;8904
8832;8904
8833;8904
8834;8906
8835;8909
8836;8909
8837;8910
8838;8914
8839;8914
8840;8915
8841;8915
8842;8917
8843;8919
8844;8922
8845;8924
8846;8924
8847;8925
8848;8925
8849;8925
8850;8925
8851;8925
8852;8926
8853;8926
8854;8929
8855;8929
8856;8929
8857;8933
8858;8933
8859;8935
8860;8935
8861;8937
8862;8940
8863;8940
8864;8940
8865;8940
8866;8941
8867;8941
8868;8941
8869;8943
8870;8944
8871;8945
8872;8947
8873;8947
8874;8952
8875;8952
8876;8952
8877;8954
8878;8954
8879;8956
8880;8956
8881;8956
8882;8958
8883;8958
8884;8958
8885;8959
8886;8960
8887;8960
8888;8962
8889;8964
8890;8964
8891;8965
8892;8965
8893;8967
8894;8967
8895;8968
8896;8970
8897;8970
8898;8973
8899;8975
8900;8975
8901;8975
8902;8978
8903;8978
8904;8980
8905;8980
8906;8980
8907;8980
8908;8982
8909;8984
8910;8989
8911;8989
8912;8989
8913;8991
8914;8991
8915;8991
8916;8992
8917;8992
8918;8993
8919;8994
8920;8997
8921;8997
8922;8997
8923;8997
8924;9000
8925;9000
8926;9002
8927;9002
8928;9003
8929;9003
8930;9004
8931;9005
8932;9007
8933;9007
8934;9009
8935;9009
8936;9012
8937;9013
8938;9013
8939;9014
8940;9014
8941;9014
8942;9015
8943;9015
8944;9015
8945;9017
8946;9019
8947;9022
8948;9022
8949;9023
8950;9023
8951;9023
8952;9023
8953;9024
8954;9024
8955;9026
8956;9026
8957;9028
8958;9028
8959;9030
8960;9032
8961;9034
8962;9034
8963;9035
8964;9035
8965;9036
8966;9037
8967;9037
8968;9039
8969;9039
8970;9041
8971;9041
8972;9044
8973;9044
8974;9045
8975;9046
8976;9046
8977;9049
8978;9050
8979;9051
8980;9052
8981;9052
8982;9054
8983;9054
8984;9057
8985;9057
8986;9058
8987;9060
8988;9061
8989;9062
8990;9062
8991;9066
8992;9066
8993;9067
8994;9068
8995;9068
8996;9068
8997;9069
8998;9069
8999;9070
9000;9072
9001;9076
9002;9076
9003;9077
9004;9077
9005;9079
9006;9079
9007;9080
9008;9080
9009;9083
9010;9083
9011;9084
9012;9086
9013;9088
9014;9088
9015;9088
9016;9090
9017;9090
9018;9092
9019;9092
9020;9093
9021;9093
9022;9093
9023;9095
9024;9095
9025;9097
9026;9098
9027;9100
9028;9100
9029;9102
9030;9104
9031;9104
9032;9105
9033;9106
9034;9107
9035;9109
9036;9109
9037;9109
9038;9111
9039;9113
9040;9114
9041;9115
9042;9115
9043;9117
9044;9118
9045;9118
9046;9118
9047;9120
9048;9120
9049;9121
9050;9122
9051;9124
9052;9126
9053;9126
9054;9128
9055;9128
9056;9129
9057;9131
9058;9131
9059;9132
9060;9132
9061;9134
9062;9134
9063;9134
9064;9136
9065;9137
9066;9138
9067;9140
9068;9140
9069;9141
9070;9142
9071;9142
9072;9142
9073;9144
9074;9144
9075;9144
9076;9149
9077;9149
9078;9150
9079;9150
9080;9150
9081;9153
9082;9153
9083;9155
9084;9155
9085;9156
9086;9157
9087;9159
9088;9164
9089;9166
9090;9166
9091;9166
9092;9167
9093;9167
9094;9167
9095;9168
9096;9168
9097;9171
9098;9171
9099;9173
9100;9173
9101;9174
9102;9175
9103;9175
9104;9178
9105;9178
9106;9182
9107;9182
9108;9182
9109;9182
9110;9182
9111;9184
9112;9184
9113;9185
9114;9185
9115;9187
9116;9189
9117;9190
9118;9192
9119;9193
9120;9193
9121;9195
9122;9195
9123;9195
9124;9197
9125;9198
9126;9200
9127;9201
9128;9201
9129;9202
9130;9202
9131;9207
9132;9207
9133;9208
9134;9208
9135;9211
9136;9211
9137;9214
9138;9214
9139;9214
9140;9216
9141;9217
9142;9219
9143;9219
9144;9221
9145;9221
9146;9223
9147;9223
9148;9223
9149;9224
9150;9225
9151;9226
9152;9227
9153;9227
9154;9229
9155;9229
9156;9230
9157;9231
9158;9231
9159;9232
9160;9233
9161;9235
9162;9236
9163;9236
9164;9239
9165;9240
9166;9241
9167;9242
9168;9242
9169;9242
9170;9244
9171;9245
9172;9247
9173;9247
9174;9250
9175;9250
9176;9252
9177;9252
9178;9253
9179;9255
9180;9255
9181;9256
9182;9257
9183;9258
9184;9259
9185;9261
9186;9262
9187;9262
9188;9262
9189;9262
9190;9264
9191;9265
9192;9267
9193;9268
9194;9268
9195;9271
9196;9271
9197;9271
9198;9274
9199;9274
9200;9275
9201;9275
9202;9276
9203;9277
9204;9278
9205;9279
9206;9279
9207;9282
9208;9282
9209;9284
9210;9284
9211;9284
9212;9284
9213;9286
9214;9286
9215;9289
9216;9289
9217;9289
9218;9291
9219;9291
9220;9291
9221;9293
9222;9293
9223;9295
9224;9296
9225;9298
9226;9298
9227;9301
9228;9301
9229;9302
9230;9303
9231;9303
9232;9304
9233;9306
9234;9307
9235;9310
9236;9310
9237;9312
9238;9315
9239;9315
9240;9316
9241;9316
9242;9316
9243;9316
9244;9316
9245;9319
9246;9319
9247;9319
9248;9321
9249;9322
9250;9326
9251;9327
9252;9327
9253;9327
9254;9328
9255;9328
9256;9330
9257;9331
9258;9331
9259;9334
9260;9334
9261;9335
9262;9335
9263;9336
9264;9339
9265;9339
9266;9340
9267;9340
9268;9341
9269;9342
9270;9343
9271;9343
9272;9344
9273;9346
9274;9347
9275;9348
9276;9349
9277;9349
9278;9352
9279;9352
9280;9354
9281;9354
9282;9354
9283;9357
9284;9357
9285;9357
9286;9361
9287;9363
9288;9364
9289;9364
9290;9365
9291;9367
9292;9367
9293;9368
9294;9369
9295;9374
9296;9374
9297;9375
9298;9375
9299;9380
9300;9380
9301;9382
9302;9382
9303;9385
9304;9385
9305;9385
9306;9386
9307;9386
9308;9386
9309;9386
9310;9389
9311;9389
9312;9391
9313;9392
9314;9392
9315;9393
9316;9393
9317;9393
9318;9393
9319;9393
9320;9395
9321;9397
9322;9397
9323;9397
9324;9397
9325;9397
9326;9398
9327;9399
9328;9399
9329;9401
9330;9402
9331;9404
9332;9404
9333;9405
9334;9407
9335;9408
9336;9412
9337;9412
9338;9412
9339;9412
9340;9412
9341;9415
9342;9418
9343;9419
9344;9419
9345;9421
9346;9421
9347;9422
9348;9423
9349;9423
9350;9425
9351;9425
9352;9425
9353;9427
9354;9427
9355;9427
9356;9429
9357;9429
9358;9433
9359;9433
9360;9434
9361;9434
9362;9434
9363;9435
9364;9435
9365;9436
9366;9438
9367;9439
9368;9439
9369;9440
9370;9441
9371;9443
9372;9445
9373;9446
9374;9447
9375;9447
9376;9450
9377;9450
9378;9450
9379;9452
9380;9454
9381;9455
9382;9455
9383;9455
9384;9455
9385;9457
9386;9458
9387;9460
9388;9460
9389;9463
9390;9463
9391;9464
9392;9467
9393;9467
9394;9470
9395;9470
9396;9470
9397;9471
9398;9471
9399;9472
9400;9474
9401;9474
9402;9474
9403;9476
9404;9477
9405;9477
9406;9477
9407;9478
9408;9479
9409;9479
9410;9481
9411;9481
9412;9483
9413;9486
9414;9488
9415;9488
9416;9488
9417;9490
9418;9490
9419;9490
9420;9491
9421;9492
9422;9496
9423;9496
9424;9496
9425;9498
9426;9499
9427;9500
9428;9500
9429;9501
9430;9502
9431;9504
9432;9504
9433;9505
9434;9508
9435;9508
9436;9510
9437;9512
9438;9513
9439;9513
9440;9513
9441;9515
9442;9516
9443;9516
9444;9516
9445;9518
9446;9518
9447;9518
9448;9520
9449;9521
9450;9524
9451;9524
9452;9524
9453;9527
9454;9528
9455;9530
9456;9531
9457;9532
9458;9533
9459;9533
9460;9533
9461;9535
9462;9538
9463;9538
9464;9538
9465;9541
9466;9541
9467;9541
9468;9543
9469;9543
9470;9543
9471;9547
9472;9548
9473;9548
9474;9549
9475;9549
9476;9549
9477;9549
9478;9551
9479;9551
9480;9552
9481;9554
9482;9554
9483;9557
9484;9557
9485;9559
9486;9559
9487;9560
9488;9562
9489;9565
9490;9567
9491;9569
9492;9569
9493;9571
9494;9575
9495;9575
9496;9576
9497;9576
9498;9576
9499;9581
9500;9581
9501;9581
9502;9581
9503;9582
9504;9582
9505;9584
9506;9584
9507;9584
9508;9584
9509;9586
9510;9586
9511;9587
9512;9590
9513;9590
9514;9591
9515;9591
9516;9591
9517;9597
9518;9597
9519;9597
9520;9598
9521;9599
9522;9599
9523;9602
9524;9604
9525;9604
9526;9607
9527;9607
9528;9608
9529;9608
9530;9608
9531;9608
9532;9608
9533;9612
9534;9612
9535;9613
9536;9613
9537;9615
9538;9617
9539;9617
9540;9617
9541;9620
9542;9622
9543;9622
9544;9625
9545;9626
9546;9626
9547;9626
9548;9626
9549;9628
9550;9628
9551;9630
9552;9630
9553;9630
9554;9631
9555;9637
9556;9637
9557;9638
9558;9640
9559;9640
9560;9640
9561;9640
9562;9640
9563;9640
9564;9640
9565;9641
9566;9641
9567;9641
9568;9641
9569;9643
9570;9644
9571;9645
9572;9647
9573;9649
9574;9649
9575;9649
9576;9650
9577;9650
9578;9650
9579;9652
9580;9652
9581;9653
9582;9654
9583;9654
9584;9654
9585;9655
9586;9656
9587;9658
9588;9658
9589;9658
9590;9660
9591;9661
9592;9662
9593;9663
9594;9663
9595;9667
9596;9667
9597;9667
9598;9669
9599;9670
9600;9671
9601;9672
9602;9673
9603;9673
9604;9674
9605;9676
9606;9679
9607;9679
9608;9679
9609;9681
9610;9682
9611;9682
9612;9682
9613;9684
9614;9684
9615;9686
9616;9689
9617;9689
9618;9689
9619;9696
9620;9698
9621;9698
9622;9698
9623;9698
9624;9699
9625;9701
9626;9702
9627;9702
9628;9705
9629;9705
9630;9705
9631;9706
9632;9706
9633;9707
9634;9709
9635;9709
9636;9709
9637;9710
9638;9710
9639;9711
9640;9711
9641;9711
9642;9713
9643;9713
9644;9715
9645;9716
9646;9718
9647;9720
9648;9720
9649;9722
9650;9727
9651;9729
9652;9729
9653;9729
9654;9729
9655;9732
9656;9732
9657;9732
9658;9733
9659;9733
9660;9736
9661;9737
9662;9739
9663;9739
9664;9739
9665;9739
9666;9743
9667;9743
9668;9743
9669;9743
9670;9745
9671;9745
9672;9747
9673;9747
9674;9749
9675;9751
9676;9751
9677;9751
9678;9751
9679;9754
9680;9754
9681;9757
9682;9757
9683;9759
9684;9760
9685;9760
9686;9761
9687;9761
9688;9763
9689;9766
9690;9766
9691;9768
9692;9769
9693;9769
9694;9769
9695;9769
9696;9771
9697;9774
9698;9774
9699;9774
9700;9780
9701;9780
9702;9780
9703;9781
9704;9781
9705;9782
9706;9782
9707;9784
9708;9786
9709;9787
9710;9787
9711;9787
9712;9789
9713;9789
9714;9789
9715;9789
9716;9790
9717;9790
9718;9791
9719;9791
9720;9792
9721;9792
9722;9793
9723;9796
9724;9796
9725;9797
9726;9798
9727;9801
9728;9801
9729;9801
9730;9802
9731;9802
9732;9805
9733;9805
9734;9805
9735;9805
9736;9805
9737;9808
9738;9808
9739;9810
9740;9813
9741;9813
9742;9815
9743;9815
9744;9817
9745;9817
9746;9820
9747;9821
9748;9821
9749;9821
9750;9823
9751;9823
9752;9826
9753;9826
9754;9827
9755;9827
9756;9828
9757;9828
9758;9833
9759;9833
9760;9833
9761;9836
9762;9836
9763;9837
9764;9837
9765;9837
9766;9839
9767;9840
9768;9843
9769;9843
9770;9845
9771;9845
9772;9845
9773;9846
9774;9846
9775;9848
9776;9848
9777;9848
9778;9849
9779;9852
9780;9853
9781;9854
9782;9856
9783;9856
9784;9858
9785;9858
9786;9860
9787;9861
9788;9861
9789;9862
9790;9862
9791;9862
9792;9863
9793;9865
9794;9866
9795;9867
9796;9868
9797;9869
9798;9870
9799;9871
9800;9871
9801;9873
9802;9874
9803;9874
9804;9877
9805;9877
9806;9879
9807;9880
9808;9881
9809;9882
9810;9882
9811;9885
9812;9885
9813;9885
9814;9888
9815;9888
9816;9889
9817;9889
9818;9890
9819;9890
9820;9892
9821;9894
9822;9894
9823;9897
9824;9897
9825;9898
9826;9898
9827;9903
9828;9903
9829;9903
9830;9904
9831;9906
9832;9906
9833;9906
9834;9907
9835;9907
9836;9907
9837;9908
9838;9910
9839;9912
9840;9913
9841;9914
9842;9914
9843;9914
9844;9914
9845;9917
9846;9917
9847;9918
9848;9919
9849;9920
9850;9923
9851;9923
9852;9923
9853;9925
9854;9926
9855;9929
9856;9931
9857;9931
9858;9933
9859;9934
9860;9934
9861;9937
9862;9937
9863;9939
9864;9939
9865;9939
9866;9939
9867;9940
9868;9940
9869;9942
9870;9942
9871;9944
9872;9944
9873;9951
9874;9951
9875;9951
9876;9954
9877;9954
9878;9955
9879;9955
9880;9958
9881;9958
9882;9959
9883;9959
9884;9961
9885;9964
9886;9964
9887;9964
9888;9965
9889;9967
9890;9969
9891;9969
9892;9969
9893;9971
9894;9971
9895;9971
9896;9971
9897;9974
9898;9974
9899;9974
9900;9975
9901;9975
9902;9977
9903;9977
9904;9980
9905;9980
9906;9980
9907;9982
9908;9982
9909;9982
9910;9984
9911;9984
9912;9984
9913;9984
9914;9987
9915;9987
9916;9989
9917;9992
9918;9992
9919;9999
