0;73
1;74
2;76
3;76
4;79
5;79
6;79
7;81
8;81
9;81
10;82
11;84
12;84
13;84
14;87
15;87
16;87
17;88
18;88
19;90
20;90
21;92
22;92
23;94
24;94
25;95
26;96
27;96
28;98
29;99
30;101
31;102
32;105
33;105
34;106
35;106
36;107
37;108
38;108
39;108
40;110
41;110
42;111
43;112
44;113
45;113
46;117
47;117
48;118
49;121
50;121
51;121
52;122
53;122
54;124
55;125
56;126
57;126
58;126
59;127
60;127
61;129
62;131
63;131
64;132
65;133
66;135
67;135
68;138
69;138
70;138
71;138
72;140
73;141
74;142
75;143
76;143
77;145
78;146
79;146
80;149
81;153
82;153
83;153
84;157
85;157
86;159
87;159
88;159
89;159
90;159
91;161
92;163
93;166
94;168
95;168
96;170
97;171
98;171
99;171
100;174
101;174
102;177
103;177
104;178
105;178
106;178
107;178
108;180
109;180
110;182
111;184
112;186
113;186
114;186
115;186
116;186
117;187
118;187
119;187
120;189
121;191
122;194
123;194
124;196
125;198
126;198
127;199
128;199
129;200
130;201
131;202
132;202
133;203
134;204
135;204
136;207
137;207
138;209
139;209
140;210
141;211
142;213
143;217
144;217
145;217
146;218
147;218
148;218
149;220
150;223
151;223
152;223
153;223
154;224
155;227
156;230
157;230
158;230
159;232
160;232
161;234
162;234
163;234
164;235
165;236
166;237
167;238
168;238
169;239
170;241
171;243
172;243
173;246
174;246
175;246
176;246
177;247
178;247
179;250
180;252
181;252
182;253
183;256
184;256
185;258
186;261
187;261
188;262
189;262
190;264
191;264
192;264
193;266
194;266
195;268
196;271
197;271
198;271
199;272
200;272
201;273
202;275
203;275
204;275
205;275
206;275
207;278
208;278
209;279
210;279
211;281
212;283
213;283
214;284
215;287
216;287
217;287
218;290
219;290
220;291
221;292
222;292
223;294
224;295
225;295
226;295
227;296
228;296
229;302
230;302
231;304
232;304
233;304
234;305
235;305
236;309
237;311
238;311
239;312
240;313
241;313
242;314
243;316
244;317
245;317
246;319
247;319
248;321
249;321
250;324
251;325
252;325
253;325
254;327
255;328
256;328
257;329
258;331
259;331
260;331
261;333
262;333
263;333
264;333
265;336
266;337
267;337
268;339
269;339
270;342
271;342
272;344
273;348
274;348
275;348
276;351
277;351
278;351
279;354
280;354
281;356
282;356
283;357
284;357
285;357
286;359
287;359
288;361
289;361
290;361
291;361
292;361
293;362
294;362
295;366
296;366
297;366
298;368
299;369
300;372
301;372
302;373
303;375
304;376
305;376
306;378
307;378
308;378
309;378
310;383
311;383
312;384
313;384
314;387
315;387
316;387
317;389
318;389
319;390
320;391
321;391
322;392
323;394
324;396
325;396
326;398
327;401
328;402
329;402
330;402
331;404
332;406
333;406
334;408
335;410
336;410
337;410
338;412
339;413
340;413
341;414
342;414
343;414
344;414
345;415
346;415
347;417
348;417
349;420
350;420
351;420
352;421
353;423
354;424
355;426
356;426
357;427
358;427
359;429
360;429
361;429
362;430
363;431
364;432
365;434
366;434
367;436
368;436
369;438
370;438
371;439
372;440
373;443
374;444
375;445
376;445
377;446
378;446
379;447
380;448
381;451
382;451
383;454
384;455
385;455
386;456
387;456
388;458
389;459
390;459
391;461
392;461
393;463
394;465
395;465
396;465
397;465
398;468
399;469
400;469
401;471
402;472
403;473
404;473
405;474
406;475
407;477
408;477
409;478
410;480
411;480
412;481
413;484
414;486
415;486
416;487
417;487
418;487
419;488
420;488
421;490
422;491
423;493
424;493
425;493
426;495
427;496
428;497
429;497
430;498
431;500
432;502
433;502
434;504
435;505
436;505
437;507
438;507
439;508
440;510
441;512
442;512
443;512
444;517
445;517
446;517
447;517
448;517
449;517
450;520
451;520
452;522
453;524
454;524
455;526
456;527
457;529
458;529
459;530
460;530
461;532
462;534
463;534
464;534
465;537
466;537
467;537
468;539
469;539
470;541
471;541
472;541
473;541
474;543
475;546
476;546
477;547
478;550
479;550
480;552
481;554
482;554
483;554
484;554
485;555
486;556
487;558
488;558
489;558
490;561
491;563
492;564
493;564
494;567
495;567
496;567
497;568
498;569
499;571
500;571
501;573
502;573
503;573
504;575
505;576
506;579
507;579
508;579
509;580
510;580
511;582
512;582
513;584
514;584
515;585
516;587
517;587
518;588
519;592
520;592
521;592
522;592
523;593
524;594
525;596
526;598
527;598
528;600
529;602
530;602
531;603
532;603
533;606
534;608
535;608
536;609
537;609
538;612
539;612
540;612
541;612
542;612
543;613
544;613
545;613
546;614
547;614
548;616
549;616
550;617
551;621
552;621
553;621
554;623
555;623
556;624
557;625
558;625
559;625
560;625
561;628
562;628
563;630
564;630
565;632
566;636
567;636
568;639
569;640
570;640
571;640
572;641
573;641
574;642
575;643
576;643
577;643
578;644
579;646
580;647
581;647
582;650
583;650
584;650
585;652
586;652
587;654
588;656
589;656
590;656
591;659
592;659
593;661
594;661
595;661
596;663
597;664
598;665
599;668
600;668
601;670
602;670
603;670
604;673
605;673
606;674
607;675
608;675
609;678
610;678
611;681
612;681
613;683
614;683
615;684
616;686
617;686
618;687
619;688
620;689
621;689
622;689
623;691
624;691
625;694
626;695
627;695
628;698
629;698
630;700
631;700
632;703
633;703
634;704
635;705
636;705
637;707
638;709
639;709
640;709
641;710
642;712
643;712
644;714
645;715
646;715
647;719
648;719
649;719
650;721
651;721
652;721
653;724
654;724
655;725
656;726
657;727
658;727
659;729
660;731
661;731
662;731
663;733
664;733
665;733
666;736
667;737
668;737
669;737
670;739
671;740
672;741
673;742
674;743
675;748
676;748
677;749
678;749
679;749
680;749
681;751
682;753
683;754
684;755
685;757
686;758
687;761
688;761
689;761
690;761
691;763
692;766
693;766
694;767
695;767
696;769
697;770
698;773
699;773
700;774
701;774
702;774
703;777
704;777
705;779
706;779
707;779
708;781
709;781
710;783
711;783
712;783
713;788
714;790
715;792
716;794
717;794
718;794
719;794
720;796
721;796
722;796
723;796
724;798
725;798
726;799
727;799
728;800
729;802
730;802
731;804
732;805
733;806
734;806
735;807
736;807
737;809
738;809
739;810
740;810
741;812
742;812
743;812
744;812
745;814
746;817
747;817
748;819
749;819
750;820
751;820
752;822
753;822
754;824
755;828
756;829
757;829
758;830
759;831
760;833
761;833
762;833
763;834
764;836
765;836
766;837
767;839
768;840
769;840
770;842
771;843
772;843
773;845
774;846
775;847
776;849
777;849
778;849
779;851
780;852
781;852
782;852
783;855
784;855
785;858
786;858
787;860
788;860
789;861
790;861
791;862
792;862
793;863
794;864
795;866
796;867
797;868
798;868
799;870
800;870
801;871
802;871
803;871
804;873
805;875
806;877
807;877
808;878
809;879
810;879
811;881
812;882
813;883
814;885
815;885
816;885
817;887
818;887
819;890
820;891
821;891
822;891
823;892
824;893
825;893
826;895
827;896
828;898
829;898
830;899
831;900
832;902
833;904
834;904
835;904
836;904
837;908
838;908
839;910
840;910
841;910
842;912
843;915
844;915
845;916
846;919
847;919
848;919
849;921
850;924
851;924
852;924
853;925
854;925
855;927
856;929
857;929
858;931
859;931
860;931
861;933
862;934
863;937
864;937
865;937
866;938
867;940
868;941
869;941
870;945
871;945
872;946
873;946
874;946
875;949
876;949
877;951
878;951
879;953
880;953
881;954
882;954
883;954
884;956
885;957
886;958
887;959
888;959
889;961
890;962
891;962
892;962
893;964
894;966
895;966
896;968
897;968
898;969
899;972
900;972
901;972
902;973
903;973
904;974
905;974
906;978
907;978
908;981
909;981
910;982
911;982
912;984
913;985
914;987
915;987
916;989
917;991
918;992
919;992
920;993
921;994
922;994
923;996
924;997
925;997
926;999
927;1001
928;1001
929;1001
930;1003
931;1003
932;1007
933;1007
934;1007
935;1008
936;1008
937;1010
938;1010
939;1011
940;1011
941;1013
942;1013
943;1013
944;1015
945;1017
946;1017
947;1018
948;1019
949;1020
950;1020
951;1023
952;1024
953;1025
954;1025
955;1026
956;1028
957;1030
958;1030
959;1031
960;1032
961;1033
962;1035
963;1035
964;1038
965;1038
966;1040
967;1042
968;1042
969;1044
970;1044
971;1046
972;1046
973;1046
974;1047
975;1047
976;1049
977;1049
978;1049
979;1050
980;1053
981;1055
982;1055
983;1055
984;1056
985;1056
986;1057
987;1059
988;1059
989;1061
990;1061
991;1061
992;1061
993;1062
994;1063
995;1063
996;1065
997;1066
998;1066
999;1068
1000;1069
1001;1069
1002;1070
1003;1070
1004;1072
1005;1073
1006;1074
1007;1077
1008;1077
1009;1078
1010;1078
1011;1080
1012;1080
1013;1080
1014;1083
1015;1083
1016;1084
1017;1085
1018;1087
1019;1087
1020;1088
1021;1089
1022;1090
1023;1091
1024;1094
1025;1095
1026;1095
1027;1095
1028;1097
1029;1099
1030;1099
1031;1100
1032;1101
1033;1104
1034;1104
1035;1105
1036;1106
1037;1108
1038;1109
1039;1109
1040;1110
1041;1110
1042;1111
1043;1113
1044;1115
1045;1115
1046;1115
1047;1115
1048;1121
1049;1121
1050;1124
1051;1126
1052;1127
1053;1127
1054;1127
1055;1130
1056;1130
1057;1131
1058;1132
1059;1132
1060;1132
1061;1134
1062;1134
1063;1137
1064;1137
1065;1139
1066;1139
1067;1141
1068;1142
1069;1142
1070;1143
1071;1143
1072;1146
1073;1148
1074;1149
1075;1149
1076;1152
1077;1152
1078;1152
1079;1153
1080;1153
1081;1153
1082;1153
1083;1156
1084;1156
1085;1156
1086;1157
1087;1158
1088;1160
1089;1161
1090;1163
1091;1165
1092;1165
1093;1165
1094;1166
1095;1166
1096;1167
1097;1169
1098;1172
1099;1172
1100;1173
1101;1173
1102;1174
1103;1176
1104;1177
1105;1177
1106;1177
1107;1177
1108;1179
1109;1181
1110;1182
1111;1183
1112;1184
1113;1184
1114;1186
1115;1186
1116;1187
1117;1187
1118;1191
1119;1191
1120;1191
1121;1194
1122;1194
1123;1196
1124;1197
1125;1197
1126;1197
1127;1200
1128;1201
1129;1201
1130;1203
1131;1203
1132;1205
1133;1209
1134;1209
1135;1209
1136;1209
1137;1211
1138;1211
1139;1211
1140;1212
1141;1212
1142;1214
1143;1215
1144;1215
1145;1216
1146;1218
1147;1218
1148;1219
1149;1222
1150;1222
1151;1222
1152;1223
1153;1223
1154;1225
1155;1225
1156;1225
1157;1227
1158;1227
1159;1228
1160;1228
1161;1230
1162;1230
1163;1231
1164;1231
1165;1234
1166;1235
1167;1235
1168;1237
1169;1237
1170;1237
1171;1239
1172;1240
1173;1241
1174;1242
1175;1243
1176;1245
1177;1245
1178;1247
1179;1247
1180;1252
1181;1252
1182;1252
1183;1252
1184;1253
1185;1254
1186;1254
1187;1255
1188;1255
1189;1256
1190;1258
1191;1258
1192;1260
1193;1260
1194;1261
1195;1264
1196;1264
1197;1265
1198;1266
1199;1267
1200;1268
1201;1268
1202;1271
1203;1271
1204;1271
1205;1271
1206;1273
1207;1275
1208;1277
1209;1277
1210;1279
1211;1279
1212;1279
1213;1282
1214;1282
1215;1282
1216;1282
1217;1286
1218;1286
1219;1287
1220;1288
1221;1291
1222;1291
1223;1291
1224;1292
1225;1293
1226;1293
1227;1294
1228;1295
1229;1297
1230;1300
1231;1302
1232;1302
1233;1302
1234;1304
1235;1304
1236;1305
1237;1306
1238;1308
1239;1310
1240;1310
1241;1310
1242;1313
1243;1314
1244;1314
1245;1316
1246;1316
1247;1316
1248;1316
1249;1319
1250;1320
1251;1321
1252;1321
1253;1322
1254;1323
1255;1325
1256;1326
1257;1326
1258;1327
1259;1328
1260;1329
1261;1329
1262;1330
1263;1330
1264;1334
1265;1334
1266;1334
1267;1337
1268;1337
1269;1338
1270;1342
1271;1343
1272;1343
1273;1343
1274;1346
1275;1346
1276;1346
1277;1348
1278;1348
1279;1349
1280;1350
1281;1351
1282;1353
1283;1353
1284;1355
1285;1355
1286;1356
1287;1358
1288;1359
1289;1361
1290;1361
1291;1362
1292;1362
1293;1363
1294;1365
1295;1367
1296;1367
1297;1371
1298;1371
1299;1372
1300;1378
1301;1378
1302;1378
1303;1382
1304;1383
1305;1383
1306;1383
1307;1383
1308;1385
1309;1385
1310;1385
1311;1387
1312;1387
1313;1390
1314;1390
1315;1390
1316;1391
1317;1391
1318;1391
1319;1392
1320;1392
1321;1392
1322;1393
1323;1394
1324;1396
1325;1396
1326;1396
1327;1397
1328;1401
1329;1401
1330;1401
1331;1402
1332;1402
1333;1404
1334;1405
1335;1406
1336;1406
1337;1408
1338;1408
1339;1409
1340;1411
1341;1411
1342;1413
1343;1413
1344;1415
1345;1416
1346;1416
1347;1416
1348;1421
1349;1424
1350;1424
1351;1425
1352;1428
1353;1430
1354;1432
1355;1434
1356;1434
1357;1434
1358;1434
1359;1437
1360;1437
1361;1437
1362;1441
1363;1441
1364;1443
1365;1443
1366;1446
1367;1446
1368;1447
1369;1447
1370;1447
1371;1448
1372;1448
1373;1448
1374;1448
1375;1450
1376;1450
1377;1453
1378;1453
1379;1455
1380;1458
1381;1458
1382;1458
1383;1458
1384;1460
1385;1461
1386;1461
1387;1461
1388;1462
1389;1462
1390;1462
1391;1464
1392;1465
1393;1466
1394;1467
1395;1467
1396;1469
1397;1469
1398;1471
1399;1471
1400;1473
1401;1477
1402;1477
1403;1480
1404;1480
1405;1480
1406;1480
1407;1481
1408;1481
1409;1483
1410;1484
1411;1484
1412;1484
1413;1485
1414;1485
1415;1486
1416;1488
1417;1488
1418;1488
1419;1490
1420;1490
1421;1492
1422;1492
1423;1492
1424;1494
1425;1495
1426;1496
1427;1497
1428;1497
1429;1500
1430;1500
1431;1501
1432;1503
1433;1503
1434;1503
1435;1504
1436;1505
1437;1507
1438;1507
1439;1510
1440;1510
1441;1512
1442;1512
1443;1516
1444;1517
1445;1517
1446;1517
1447;1518
1448;1522
1449;1522
1450;1522
1451;1524
1452;1524
1453;1525
1454;1525
1455;1525
1456;1525
1457;1527
1458;1527
1459;1527
1460;1527
1461;1530
1462;1531
1463;1532
1464;1532
1465;1533
1466;1535
1467;1538
1468;1538
1469;1539
1470;1541
1471;1541
1472;1543
1473;1543
1474;1543
1475;1544
1476;1544
1477;1547
1478;1549
1479;1552
1480;1552
1481;1553
1482;1554
1483;1554
1484;1554
1485;1555
1486;1556
1487;1559
1488;1559
1489;1559
1490;1559
1491;1560
1492;1560
1493;1561
1494;1561
1495;1563
1496;1565
1497;1565
1498;1566
1499;1567
1500;1570
1501;1571
1502;1573
1503;1573
1504;1574
1505;1577
1506;1578
1507;1578
1508;1578
1509;1581
1510;1582
1511;1582
1512;1582
1513;1582
1514;1584
1515;1584
1516;1585
1517;1586
1518;1587
1519;1590
1520;1592
1521;1592
1522;1594
1523;1594
1524;1596
1525;1596
1526;1598
1527;1601
1528;1601
1529;1602
1530;1604
1531;1604
1532;1606
1533;1606
1534;1606
1535;1607
1536;1607
1537;1609
1538;1609
1539;1609
1540;1612
1541;1614
1542;1616
1543;1616
1544;1618
1545;1618
1546;1618
1547;1620
1548;1621
1549;1621
1550;1621
1551;1621
1552;1622
1553;1623
1554;1625
1555;1626
1556;1626
1557;1628
1558;1630
1559;1630
1560;1631
1561;1631
1562;1633
1563;1635
1564;1636
1565;1638
1566;1638
1567;1638
1568;1640
1569;1640
1570;1640
1571;1641
1572;1641
1573;1646
1574;1646
1575;1648
1576;1648
1577;1649
1578;1653
1579;1653
1580;1653
1581;1654
1582;1656
1583;1656
1584;1656
1585;1657
1586;1657
1587;1657
1588;1659
1589;1661
1590;1662
1591;1662
1592;1663
1593;1665
1594;1665
1595;1665
1596;1665
1597;1667
1598;1670
1599;1670
1600;1670
1601;1671
1602;1672
1603;1672
1604;1673
1605;1675
1606;1675
1607;1676
1608;1678
1609;1678
1610;1680
1611;1681
1612;1682
1613;1685
1614;1686
1615;1686
1616;1688
1617;1690
1618;1690
1619;1692
1620;1692
1621;1692
1622;1696
1623;1698
1624;1698
1625;1699
1626;1699
1627;1699
1628;1699
1629;1701
1630;1701
1631;1703
1632;1703
1633;1705
1634;1705
1635;1707
1636;1709
1637;1711
1638;1713
1639;1713
1640;1713
1641;1714
1642;1714
1643;1714
1644;1715
1645;1717
1646;1718
1647;1718
1648;1718
1649;1719
1650;1720
1651;1721
1652;1723
1653;1724
1654;1724
1655;1725
1656;1726
1657;1728
1658;1728
1659;1729
1660;1732
1661;1732
1662;1733
1663;1734
1664;1737
1665;1737
1666;1737
1667;1737
1668;1739
1669;1739
1670;1740
1671;1743
1672;1743
1673;1743
1674;1745
1675;1745
1676;1747
1677;1749
1678;1751
1679;1751
1680;1752
1681;1756
1682;1758
1683;1758
1684;1758
1685;1759
1686;1759
1687;1761
1688;1761
1689;1761
1690;1762
1691;1762
1692;1762
1693;1764
1694;1766
1695;1766
1696;1766
1697;1767
1698;1768
1699;1769
1700;1770
1701;1770
1702;1771
1703;1772
1704;1773
1705;1773
1706;1775
1707;1775
1708;1777
1709;1777
1710;1778
1711;1780
1712;1783
1713;1783
1714;1783
1715;1783
1716;1785
1717;1788
1718;1788
1719;1788
1720;1789
1721;1792
1722;1792
1723;1795
1724;1797
1725;1800
1726;1800
1727;1801
1728;1801
1729;1801
1730;1802
1731;1802
1732;1804
1733;1806
1734;1806
1735;1806
1736;1807
1737;1807
1738;1808
1739;1808
1740;1809
1741;1810
1742;1810
1743;1813
1744;1813
1745;1816
1746;1817
1747;1818
1748;1820
1749;1821
1750;1821
1751;1823
1752;1823
1753;1825
1754;1825
1755;1827
1756;1827
1757;1829
1758;1829
1759;1829
1760;1831
1761;1831
1762;1833
1763;1835
1764;1835
1765;1837
1766;1837
1767;1838
1768;1838
1769;1838
1770;1840
1771;1840
1772;1843
1773;1843
1774;1844
1775;1844
1776;1848
1777;1848
1778;1848
1779;1849
1780;1850
1781;1850
1782;1851
1783;1851
1784;1851
1785;1853
1786;1854
1787;1856
1788;1858
1789;1860
1790;1861
1791;1862
1792;1862
1793;1862
1794;1865
1795;1865
1796;1866
1797;1866
1798;1866
1799;1868
1800;1868
1801;1868
1802;1871
1803;1871
1804;1873
1805;1875
1806;1875
1807;1876
1808;1877
1809;1877
1810;1879
1811;1880
1812;1882
1813;1882
1814;1882
1815;1882
1816;1884
1817;1887
1818;1888
1819;1891
1820;1893
1821;1893
1822;1894
1823;1894
1824;1896
1825;1898
1826;1898
1827;1899
1828;1899
1829;1900
1830;1900
1831;1902
1832;1902
1833;1904
1834;1904
1835;1905
1836;1905
1837;1906
1838;1907
1839;1907
1840;1909
1841;1909
1842;1912
1843;1912
1844;1914
1845;1915
1846;1917
1847;1917
1848;1919
1849;1922
1850;1922
1851;1922
1852;1922
1853;1922
1854;1922
1855;1923
1856;1924
1857;1928
1858;1928
1859;1928
1860;1929
1861;1932
1862;1935
1863;1935
1864;1937
1865;1938
1866;1938
1867;1939
1868;1941
1869;1941
1870;1941
1871;1942
1872;1943
1873;1943
1874;1944
1875;1945
1876;1946
1877;1948
1878;1948
1879;1948
1880;1949
1881;1949
1882;1950
1883;1951
1884;1951
1885;1953
1886;1955
1887;1955
1888;1956
1889;1956
1890;1958
1891;1958
1892;1958
1893;1959
1894;1962
1895;1962
1896;1966
1897;1967
1898;1967
1899;1968
1900;1972
1901;1972
1902;1973
1903;1973
1904;1973
1905;1974
1906;1975
1907;1976
1908;1978
1909;1980
1910;1980
1911;1982
1912;1983
1913;1983
1914;1985
1915;1986
1916;1986
1917;1988
1918;1990
1919;1992
1920;1992
1921;1992
1922;1994
1923;1994
1924;1996
1925;1998
1926;1998
1927;1998
1928;1998
1929;1999
1930;1999
