0;69
1;70
2;70
3;73
4;73
5;73
6;75
7;76
8;77
9;77
10;78
11;78
12;81
13;81
14;84
15;84
16;86
17;86
18;86
19;88
20;89
21;90
22;90
23;91
24;91
25;92
26;94
27;99
28;99
29;101
30;101
31;101
32;102
33;103
34;103
35;103
36;105
37;107
38;109
39;109
40;110
41;114
42;114
43;114
44;117
45;117
46;117
47;118
48;118
49;120
50;120
51;122
52;123
53;125
54;126
55;127
56;129
57;129
58;129
59;129
60;131
61;134
62;134
63;135
64;135
65;137
66;137
67;137
68;137
69;140
70;140
71;140
72;141
73;142
74;144
75;144
76;146
77;146
78;148
79;148
80;150
81;151
82;152
83;152
84;152
85;153
86;155
87;155
88;158
89;158
90;161
91;164
92;166
93;167
94;167
95;167
96;168
97;171
98;171
99;171
100;171
101;171
102;173
103;173
104;174
105;174
106;174
107;176
108;176
109;179
110;179
111;181
112;181
113;183
114;183
115;183
116;185
117;185
118;186
119;188
120;189
121;189
122;191
123;191
124;191
125;193
126;193
127;195
128;196
129;196
130;198
131;198
132;200
133;201
134;203
135;204
136;204
137;206
138;206
139;209
140;209
141;210
142;210
143;214
144;214
145;215
146;215
147;217
148;217
149;217
150;218
151;220
152;222
153;223
154;223
155;224
156;224
157;224
158;227
159;229
160;229
161;232
162;232
163;232
164;233
165;235
166;236
167;238
168;238
169;238
170;238
171;239
172;239
173;240
174;241
175;245
176;248
177;248
178;249
179;249
180;251
181;251
182;252
183;252
184;252
185;255
186;255
187;257
188;259
189;259
190;261
191;261
192;263
193;263
194;265
195;266
196;267
197;267
198;267
199;268
200;270
201;270
202;272
203;272
204;272
205;274
206;275
207;276
208;277
209;277
210;279
211;279
212;281
213;281
214;283
215;283
216;283
217;284
218;286
219;287
220;290
221;291
222;292
223;293
224;294
225;295
226;297
227;298
228;298
229;300
230;300
231;300
232;302
233;305
234;307
235;307
236;307
237;308
238;308
239;311
240;313
241;315
242;315
243;315
244;317
245;317
246;319
247;321
248;321
249;321
250;324
251;324
252;324
253;324
254;324
255;325
256;325
257;329
258;329
259;330
260;332
261;332
262;335
263;335
264;338
265;338
266;339
267;339
268;340
269;340
270;340
271;340
272;342
273;345
274;346
275;346
276;347
277;347
278;349
279;351
280;351
281;352
282;352
283;354
284;356
285;356
286;356
287;356
288;359
289;359
290;359
291;362
292;362
293;362
294;363
295;365
296;366
297;366
298;368
299;369
300;369
301;371
302;372
303;373
304;374
305;374
306;375
307;375
308;376
309;377
310;379
311;379
312;383
313;384
314;384
315;388
316;388
317;388
318;388
319;389
320;390
321;392
322;392
323;393
324;393
325;396
326;396
327;396
328;398
329;398
330;399
331;402
332;402
333;404
334;406
335;406
336;406
337;406
338;408
339;408
340;412
341;414
342;415
343;415
344;417
345;418
346;418
347;420
348;420
349;423
350;423
351;424
352;425
353;425
354;428
355;428
356;430
357;430
358;430
359;432
360;437
361;437
362;438
363;438
364;438
365;438
366;440
367;440
368;442
369;442
370;442
371;443
372;443
373;445
374;445
375;446
376;446
377;449
378;449
379;451
380;451
381;454
382;455
383;456
384;459
385;459
386;459
387;461
388;462
389;462
390;464
391;464
392;466
393;466
394;467
395;467
396;470
397;470
398;470
399;472
400;472
401;474
402;474
403;476
404;476
405;479
406;479
407;479
408;480
409;480
410;482
411;483
412;485
413;485
414;485
415;486
416;489
417;490
418;490
419;491
420;491
421;495
422;495
423;495
424;496
425;496
426;500
427;500
428;502
429;504
430;505
431;505
432;505
433;506
434;506
435;508
436;510
437;510
438;510
439;510
440;511
441;514
442;514
443;516
444;518
445;518
446;518
447;521
448;521
449;522
450;523
451;525
452;528
453;528
454;528
455;528
456;528
457;528
458;530
459;532
460;532
461;533
462;534
463;534
464;536
465;539
466;539
467;539
468;541
469;541
470;541
471;545
472;545
473;550
474;550
475;550
476;551
477;553
478;553
479;555
480;555
481;555
482;555
483;555
484;557
485;557
486;557
487;558
488;560
489;561
490;561
491;561
492;561
493;562
494;563
495;565
496;565
497;567
498;569
499;569
500;569
501;571
502;572
503;572
504;577
505;577
506;579
507;579
508;579
509;581
510;581
511;584
512;584
513;585
514;587
515;589
516;589
517;589
518;591
519;591
520;594
521;596
522;596
523;597
524;597
525;599
526;599
527;600
528;600
529;600
530;601
531;601
532;603
533;603
534;605
535;606
536;606
537;608
538;608
539;609
540;609
541;610
542;611
543;614
544;617
545;617
546;617
547;617
548;617
549;618
550;620
551;620
552;623
553;623
554;625
555;625
556;625
557;627
558;627
559;627
560;628
561;629
562;629
563;631
564;632
565;632
566;632
567;634
568;635
569;635
570;638
571;641
572;643
573;643
574;644
575;644
576;645
577;645
578;648
579;648
580;649
581;649
582;653
583;653
584;654
585;655
586;655
587;656
588;660
589;662
590;662
591;662
592;664
593;666
594;667
595;668
596;668
597;672
598;672
599;672
600;674
601;675
602;675
603;676
604;676
605;678
606;678
607;679
608;683
609;683
610;685
611;685
612;685
613;686
614;688
615;689
616;689
617;689
618;690
619;690
620;691
621;693
622;694
623;695
624;696
625;698
626;698
627;699
628;700
629;701
630;701
631;704
632;705
633;705
634;705
635;706
636;707
637;707
638;709
639;710
640;711
641;711
642;713
643;716
644;716
645;716
646;717
647;717
648;718
649;719
650;719
651;722
652;722
653;722
654;722
655;724
656;725
657;725
658;728
659;729
660;730
661;732
662;733
663;733
664;733
665;736
666;737
667;741
668;741
669;741
670;741
671;742
672;743
673;743
674;745
675;745
676;747
677;747
678;750
679;751
680;751
681;754
682;754
683;754
684;755
685;755
686;755
687;757
688;761
689;762
690;762
691;763
692;765
693;767
694;767
695;767
696;768
697;768
698;770
699;770
700;770
701;771
702;772
703;773
704;774
705;774
706;777
707;780
708;781
709;781
710;781
711;783
712;783
713;783
714;785
715;785
716;787
717;787
718;788
719;788
720;790
721;791
722;792
723;792
724;795
725;795
726;797
727;797
728;798
729;800
730;800
731;802
732;802
733;803
734;806
735;806
736;808
737;808
738;810
739;810
740;810
741;812
742;812
743;813
744;813
745;816
746;818
747;820
748;820
749;820
750;822
751;822
752;822
753;823
754;826
755;826
756;827
757;827
758;828
759;829
760;829
761;832
762;832
763;832
764;836
765;836
766;837
767;838
768;839
769;841
770;841
771;844
772;845
773;845
774;846
775;848
776;848
777;848
778;848
779;850
780;851
781;852
782;853
783;855
784;855
785;856
786;856
787;857
788;861
789;861
790;862
791;862
792;864
793;864
794;865
795;866
796;867
797;867
798;868
799;869
800;870
801;870
802;873
803;873
804;875
805;875
806;877
807;877
808;877
809;880
810;880
811;881
812;883
813;883
814;883
815;884
816;885
817;885
818;885
819;886
820;887
821;888
822;888
823;889
824;889
825;891
826;892
827;893
828;894
829;895
830;896
831;898
832;902
833;902
834;904
835;904
836;905
837;905
838;907
839;907
840;907
841;907
842;909
843;909
844;910
845;913
846;913
847;913
848;915
849;916
850;916
851;920
852;920
853;921
854;921
855;921
856;923
857;925
858;925
859;926
860;927
861;931
862;931
863;931
864;934
865;936
866;937
867;939
868;939
869;940
870;943
871;943
872;945
873;945
874;945
875;945
876;945
877;946
878;946
879;948
880;950
881;952
882;952
883;955
884;955
885;955
886;955
887;955
888;958
889;959
890;960
891;961
892;961
893;962
894;962
895;965
896;966
897;966
898;967
899;967
900;967
901;968
902;970
903;971
904;972
905;972
906;972
907;973
908;975
909;977
910;977
911;979
912;984
913;984
914;984
915;984
916;987
917;988
918;988
919;990
920;993
921;994
922;994
923;994
924;994
925;996
926;997
927;1000
928;1000
929;1003
930;1004
931;1004
932;1007
933;1007
934;1011
935;1012
936;1012
937;1012
938;1012
939;1016
940;1017
941;1017
942;1017
943;1017
944;1019
945;1021
946;1022
947;1022
948;1022
949;1025
950;1025
951;1025
952;1026
953;1026
954;1028
955;1028
956;1028
957;1030
958;1032
959;1033
960;1033
961;1034
962;1036
963;1036
964;1036
965;1038
966;1038
967;1039
968;1041
969;1043
970;1043
971;1045
972;1045
973;1047
974;1047
975;1048
976;1049
977;1050
978;1050
979;1052
980;1053
981;1056
982;1056
983;1056
984;1057
985;1058
986;1059
987;1061
988;1061
989;1062
990;1065
991;1066
992;1066
993;1067
994;1067
995;1067
996;1069
997;1070
998;1071
999;1071
1000;1072
1001;1072
1002;1074
1003;1075
1004;1077
1005;1077
1006;1079
1007;1079
1008;1080
1009;1080
1010;1083
1011;1084
1012;1084
1013;1086
1014;1086
1015;1086
1016;1088
1017;1088
1018;1091
1019;1091
1020;1091
1021;1092
1022;1093
1023;1095
1024;1095
1025;1096
1026;1098
1027;1098
1028;1100
1029;1100
1030;1102
1031;1103
1032;1105
1033;1105
1034;1109
1035;1109
1036;1109
1037;1111
1038;1111
1039;1114
1040;1114
1041;1114
1042;1116
1043;1116
1044;1116
1045;1116
1046;1117
1047;1117
1048;1117
1049;1119
1050;1119
1051;1122
1052;1122
1053;1123
1054;1123
1055;1123
1056;1125
1057;1126
1058;1128
1059;1129
1060;1129
1061;1131
1062;1131
1063;1132
1064;1133
1065;1135
1066;1138
1067;1140
1068;1140
1069;1140
1070;1142
1071;1142
1072;1145
1073;1145
1074;1146
1075;1151
1076;1151
1077;1154
1078;1154
1079;1154
1080;1154
1081;1157
1082;1159
1083;1159
1084;1159
1085;1160
1086;1160
1087;1162
1088;1162
1089;1162
1090;1162
1091;1164
1092;1164
1093;1164
1094;1164
1095;1164
1096;1166
1097;1166
1098;1167
1099;1169
1100;1170
1101;1172
1102;1172
1103;1172
1104;1172
1105;1174
1106;1174
1107;1176
1108;1179
1109;1182
1110;1182
1111;1184
1112;1184
1113;1187
1114;1187
1115;1187
1116;1187
1117;1187
1118;1189
1119;1189
1120;1192
1121;1194
1122;1196
1123;1198
1124;1199
1125;1199
1126;1199
1127;1202
1128;1202
1129;1204
1130;1204
1131;1204
1132;1205
1133;1206
1134;1207
1135;1207
1136;1207
1137;1210
1138;1210
1139;1212
1140;1212
1141;1213
1142;1215
1143;1217
1144;1217
1145;1218
1146;1218
1147;1218
1148;1220
1149;1223
1150;1223
1151;1223
1152;1224
1153;1224
1154;1224
1155;1227
1156;1227
1157;1229
1158;1231
1159;1231
1160;1231
1161;1231
1162;1233
1163;1233
1164;1234
1165;1235
1166;1235
1167;1237
1168;1237
1169;1240
1170;1240
1171;1241
1172;1241
1173;1244
1174;1244
1175;1246
1176;1247
1177;1250
1178;1250
1179;1252
1180;1252
1181;1254
1182;1254
1183;1256
1184;1262
1185;1262
1186;1262
1187;1265
1188;1267
1189;1267
1190;1267
1191;1269
1192;1272
1193;1272
1194;1272
1195;1272
1196;1275
1197;1275
1198;1277
1199;1277
1200;1279
1201;1279
1202;1280
1203;1283
1204;1283
1205;1285
1206;1285
1207;1285
1208;1285
1209;1285
1210;1288
1211;1288
1212;1288
1213;1290
1214;1293
1215;1293
1216;1293
1217;1295
1218;1295
1219;1296
1220;1301
1221;1301
1222;1301
1223;1304
1224;1304
1225;1304
1226;1305
1227;1305
1228;1305
1229;1306
1230;1306
1231;1306
1232;1308
1233;1308
1234;1308
1235;1308
1236;1310
1237;1310
1238;1310
1239;1312
1240;1312
1241;1312
1242;1313
1243;1314
1244;1315
1245;1318
1246;1318
1247;1319
1248;1319
1249;1320
1250;1321
1251;1321
1252;1322
1253;1325
1254;1327
1255;1327
1256;1328
1257;1328
1258;1329
1259;1330
1260;1334
1261;1334
1262;1336
1263;1336
1264;1338
1265;1338
1266;1340
1267;1340
1268;1342
1269;1344
1270;1344
1271;1344
1272;1344
1273;1345
1274;1346
1275;1346
1276;1349
1277;1349
1278;1351
1279;1352
1280;1352
1281;1352
1282;1355
1283;1355
1284;1355
1285;1355
1286;1355
1287;1357
1288;1357
1289;1360
1290;1362
1291;1362
1292;1363
1293;1363
1294;1363
1295;1365
1296;1365
1297;1368
1298;1369
1299;1370
1300;1370
1301;1370
1302;1370
1303;1372
1304;1372
1305;1375
1306;1375
1307;1377
1308;1377
1309;1381
1310;1381
1311;1381
1312;1381
1313;1383
1314;1384
1315;1385
1316;1385
1317;1387
1318;1387
1319;1388
1320;1388
1321;1390
1322;1390
1323;1392
1324;1395
1325;1395
1326;1396
1327;1398
1328;1398
1329;1398
1330;1400
1331;1400
1332;1403
1333;1405
1334;1407
1335;1408
1336;1408
1337;1408
1338;1409
1339;1409
1340;1411
1341;1411
1342;1414
1343;1414
1344;1415
1345;1417
1346;1419
1347;1421
1348;1421
1349;1421
1350;1423
1351;1423
1352;1423
1353;1423
1354;1425
1355;1427
1356;1427
1357;1428
1358;1428
1359;1431
1360;1431
1361;1433
1362;1433
1363;1434
1364;1436
1365;1436
1366;1436
1367;1436
1368;1438
1369;1438
1370;1440
1371;1440
1372;1440
1373;1441
1374;1443
1375;1443
1376;1445
1377;1445
1378;1447
1379;1450
1380;1452
1381;1452
1382;1453
1383;1453
1384;1453
1385;1453
1386;1455
1387;1457
1388;1457
1389;1457
1390;1459
1391;1460
1392;1461
1393;1462
1394;1462
1395;1466
1396;1467
1397;1468
1398;1468
1399;1468
1400;1470
1401;1471
1402;1471
1403;1473
1404;1474
1405;1474
1406;1475
1407;1478
1408;1478
1409;1481
1410;1483
1411;1484
1412;1484
1413;1484
1414;1484
1415;1485
1416;1485
1417;1488
1418;1488
1419;1490
1420;1490
1421;1490
1422;1492
1423;1493
1424;1493
1425;1495
1426;1497
1427;1500
1428;1500
1429;1500
1430;1500
1431;1501
1432;1502
1433;1505
1434;1507
1435;1507
1436;1507
1437;1508
1438;1508
1439;1510
1440;1510
1441;1512
1442;1512
1443;1514
1444;1514
1445;1514
1446;1518
1447;1518
1448;1519
1449;1519
1450;1521
1451;1521
1452;1521
1453;1523
1454;1524
1455;1525
1456;1526
1457;1528
1458;1528
1459;1529
1460;1529
1461;1529
1462;1531
1463;1532
1464;1532
1465;1533
1466;1534
1467;1535
1468;1537
1469;1538
1470;1538
1471;1542
1472;1542
1473;1544
1474;1544
1475;1544
1476;1544
1477;1545
1478;1545
1479;1548
1480;1549
1481;1553
1482;1555
1483;1555
1484;1555
1485;1555
1486;1556
1487;1557
1488;1558
1489;1558
1490;1559
1491;1560
1492;1562
1493;1563
1494;1565
1495;1565
1496;1566
1497;1569
1498;1571
1499;1571
1500;1571
1501;1571
1502;1573
1503;1573
1504;1575
1505;1576
1506;1577
1507;1577
1508;1579
1509;1580
1510;1581
1511;1581
1512;1582
1513;1582
1514;1584
1515;1585
1516;1585
1517;1586
1518;1587
1519;1589
1520;1591
1521;1592
1522;1592
1523;1593
1524;1593
1525;1595
1526;1595
1527;1596
1528;1596
1529;1599
1530;1601
1531;1603
1532;1604
1533;1604
1534;1605
1535;1606
1536;1606
1537;1606
1538;1607
1539;1609
1540;1610
1541;1613
1542;1613
1543;1613
1544;1615
1545;1615
1546;1616
1547;1616
1548;1618
1549;1618
1550;1620
1551;1620
1552;1621
1553;1621
1554;1624
1555;1624
1556;1628
1557;1628
1558;1628
1559;1630
1560;1630
1561;1630
1562;1633
1563;1634
1564;1634
1565;1636
1566;1636
1567;1639
1568;1639
1569;1641
1570;1643
1571;1643
1572;1645
1573;1645
1574;1645
1575;1645
1576;1648
1577;1648
1578;1650
1579;1650
1580;1650
1581;1650
1582;1651
1583;1652
1584;1654
1585;1657
1586;1657
1587;1657
1588;1657
1589;1657
1590;1659
1591;1661
1592;1663
1593;1663
1594;1663
1595;1665
1596;1666
1597;1666
1598;1668
1599;1668
1600;1669
1601;1670
1602;1671
1603;1672
1604;1674
1605;1676
1606;1676
1607;1677
1608;1678
1609;1679
1610;1679
1611;1680
1612;1681
1613;1683
1614;1683
1615;1685
1616;1686
1617;1688
1618;1690
1619;1690
1620;1691
1621;1692
1622;1693
1623;1693
1624;1696
1625;1696
1626;1698
1627;1698
1628;1699
1629;1700
1630;1700
1631;1700
1632;1703
1633;1706
1634;1707
1635;1707
1636;1707
1637;1707
1638;1708
1639;1708
1640;1709
1641;1710
1642;1715
1643;1715
1644;1716
1645;1717
1646;1717
1647;1720
1648;1720
1649;1722
1650;1722
1651;1722
1652;1723
1653;1724
1654;1726
1655;1729
1656;1729
1657;1731
1658;1733
1659;1734
1660;1734
1661;1735
1662;1735
1663;1735
1664;1737
1665;1737
1666;1738
1667;1738
1668;1740
1669;1740
1670;1741
1671;1742
1672;1742
1673;1747
1674;1747
1675;1747
1676;1748
1677;1750
1678;1752
1679;1752
1680;1752
1681;1752
1682;1755
1683;1756
1684;1756
1685;1758
1686;1758
1687;1760
1688;1760
1689;1760
1690;1762
1691;1762
1692;1764
1693;1766
1694;1766
1695;1770
1696;1770
1697;1771
1698;1771
1699;1771
1700;1774
1701;1775
1702;1776
1703;1776
1704;1779
1705;1779
1706;1781
1707;1781
1708;1784
1709;1784
1710;1787
1711;1787
1712;1789
1713;1789
1714;1789
1715;1789
1716;1791
1717;1794
1718;1794
1719;1794
1720;1794
1721;1795
1722;1795
1723;1797
1724;1797
1725;1799
1726;1799
1727;1800
1728;1800
1729;1802
1730;1803
1731;1803
1732;1804
1733;1805
1734;1805
1735;1808
1736;1808
1737;1809
1738;1809
1739;1811
1740;1811
1741;1812
1742;1813
1743;1814
1744;1814
1745;1815
1746;1817
1747;1817
1748;1817
1749;1817
1750;1820
1751;1821
1752;1823
1753;1823
1754;1824
1755;1824
1756;1825
1757;1825
1758;1827
1759;1827
1760;1828
1761;1828
1762;1831
1763;1831
1764;1832
1765;1834
1766;1836
1767;1838
1768;1838
1769;1839
1770;1840
1771;1843
1772;1847
1773;1847
1774;1849
1775;1849
1776;1851
1777;1851
1778;1851
1779;1851
1780;1855
1781;1855
1782;1856
1783;1858
1784;1859
1785;1859
1786;1861
1787;1861
1788;1861
1789;1861
1790;1861
1791;1865
1792;1865
1793;1866
1794;1868
1795;1868
1796;1869
1797;1870
1798;1870
1799;1871
1800;1872
1801;1876
1802;1876
1803;1876
1804;1878
1805;1880
1806;1880
1807;1880
1808;1880
1809;1882
1810;1884
1811;1884
1812;1884
1813;1885
1814;1886
1815;1888
1816;1888
1817;1889
1818;1889
1819;1892
1820;1892
1821;1893
1822;1893
1823;1894
1824;1895
1825;1896
1826;1900
1827;1900
1828;1902
1829;1902
1830;1902
1831;1902
1832;1903
1833;1905
1834;1906
1835;1906
1836;1906
1837;1908
1838;1908
1839;1909
1840;1912
1841;1912
1842;1912
1843;1912
1844;1915
1845;1915
1846;1917
1847;1918
1848;1918
1849;1923
1850;1924
1851;1924
1852;1924
1853;1926
1854;1926
1855;1926
1856;1929
1857;1929
1858;1931
1859;1935
1860;1936
1861;1936
1862;1938
1863;1938
1864;1938
1865;1938
1866;1939
1867;1939
1868;1941
1869;1943
1870;1943
1871;1943
1872;1944
1873;1944
1874;1946
1875;1946
1876;1948
1877;1948
1878;1950
1879;1950
1880;1951
1881;1953
1882;1955
1883;1958
1884;1958
1885;1959
1886;1959
1887;1959
1888;1960
1889;1960
1890;1962
1891;1962
1892;1964
1893;1965
1894;1967
1895;1969
1896;1969
1897;1971
1898;1972
1899;1974
1900;1976
1901;1976
1902;1977
1903;1977
1904;1977
1905;1977
1906;1979
1907;1980
1908;1980
1909;1980
1910;1981
1911;1983
1912;1984
1913;1985
1914;1988
1915;1988
1916;1989
1917;1989
1918;1991
1919;1993
1920;1993
1921;1995
1922;1995
1923;1995
1924;1997
1925;1998
1926;1998
1927;1998
1928;1999
1929;2002
1930;2002
1931;2005
1932;2005
1933;2005
1934;2006
1935;2009
1936;2010
1937;2011
1938;2011
1939;2013
1940;2013
1941;2015
1942;2015
1943;2015
1944;2016
1945;2016
1946;2018
1947;2020
1948;2020
1949;2020
1950;2022
1951;2023
1952;2024
1953;2027
1954;2029
1955;2029
1956;2031
1957;2031
1958;2034
1959;2034
1960;2034
1961;2038
1962;2038
1963;2038
1964;2039
1965;2039
1966;2039
1967;2040
1968;2040
1969;2040
1970;2044
1971;2044
1972;2045
1973;2045
1974;2046
1975;2047
1976;2049
1977;2049
1978;2055
1979;2055
1980;2055
1981;2057
1982;2058
1983;2059
1984;2059
1985;2061
1986;2061
1987;2066
1988;2067
1989;2067
1990;2067
1991;2067
1992;2070
1993;2070
1994;2070
1995;2072
1996;2073
1997;2073
1998;2075
1999;2075
2000;2078
2001;2078
2002;2078
2003;2078
2004;2082
2005;2087
2006;2087
2007;2087
2008;2087
2009;2090
2010;2090
2011;2090
2012;2090
2013;2090
2014;2092
2015;2094
2016;2094
2017;2094
2018;2096
2019;2098
2020;2098
2021;2098
2022;2100
2023;2104
2024;2104
2025;2104
2026;2105
2027;2105
2028;2105
2029;2105
2030;2106
2031;2106
2032;2106
2033;2107
2034;2107
2035;2109
2036;2111
2037;2111
2038;2111
2039;2113
2040;2113
2041;2115
2042;2115
2043;2117
2044;2118
2045;2118
2046;2120
2047;2120
2048;2123
2049;2123
2050;2123
2051;2123
2052;2124
2053;2127
2054;2128
2055;2130
2056;2130
2057;2130
2058;2130
2059;2130
2060;2131
2061;2131
2062;2133
2063;2134
2064;2135
2065;2135
2066;2137
2067;2137
2068;2138
2069;2138
2070;2140
2071;2140
2072;2142
2073;2145
2074;2146
2075;2146
2076;2146
2077;2146
2078;2148
2079;2148
2080;2152
2081;2153
2082;2154
2083;2154
2084;2156
2085;2156
2086;2156
2087;2159
2088;2159
2089;2159
2090;2160
2091;2162
2092;2162
2093;2163
2094;2163
2095;2164
2096;2165
2097;2166
2098;2166
2099;2168
2100;2169
2101;2169
2102;2175
2103;2175
2104;2176
2105;2176
2106;2177
2107;2180
2108;2180
2109;2180
2110;2181
2111;2183
2112;2183
2113;2184
2114;2184
2115;2184
2116;2188
2117;2189
2118;2191
2119;2191
2120;2194
2121;2194
2122;2194
2123;2196
2124;2198
2125;2198
2126;2198
2127;2198
2128;2202
2129;2202
2130;2204
2131;2204
2132;2204
2133;2205
2134;2208
2135;2208
2136;2208
2137;2209
2138;2209
2139;2209
2140;2211
2141;2213
2142;2213
2143;2213
2144;2215
2145;2217
2146;2217
2147;2219
2148;2219
2149;2221
2150;2223
2151;2223
2152;2225
2153;2225
2154;2226
2155;2226
2156;2228
2157;2228
2158;2229
2159;2230
2160;2232
2161;2232
2162;2232
2163;2233
2164;2235
2165;2237
2166;2237
2167;2240
2168;2240
2169;2243
2170;2243
2171;2243
2172;2244
2173;2247
2174;2248
2175;2250
2176;2250
2177;2252
2178;2252
2179;2252
2180;2254
2181;2254
2182;2254
2183;2255
2184;2255
2185;2257
2186;2257
2187;2257
2188;2259
2189;2261
2190;2262
2191;2264
2192;2264
2193;2264
2194;2267
2195;2268
2196;2268
2197;2271
2198;2271
2199;2273
2200;2273
2201;2273
2202;2273
2203;2274
2204;2274
2205;2276
2206;2279
2207;2282
2208;2282
2209;2282
2210;2283
2211;2283
2212;2283
2213;2286
2214;2286
2215;2290
2216;2293
2217;2293
2218;2293
2219;2296
2220;2297
2221;2297
2222;2299
2223;2299
2224;2302
2225;2304
2226;2304
2227;2304
2228;2306
2229;2307
2230;2307
2231;2307
2232;2310
2233;2311
2234;2312
2235;2312
2236;2315
2237;2315
2238;2315
2239;2315
2240;2315
2241;2315
2242;2316
2243;2316
2244;2319
2245;2319
2246;2320
2247;2320
2248;2321
2249;2321
2250;2324
2251;2324
2252;2324
2253;2326
2254;2326
2255;2327
2256;2327
2257;2328
2258;2330
2259;2334
2260;2334
2261;2334
2262;2335
2263;2336
2264;2337
2265;2339
2266;2339
2267;2339
2268;2339
2269;2339
2270;2341
2271;2341
2272;2342
2273;2345
2274;2345
2275;2347
2276;2347
2277;2347
2278;2348
2279;2350
2280;2351
2281;2353
2282;2353
2283;2355
2284;2355
2285;2356
2286;2356
2287;2358
2288;2358
2289;2359
2290;2361
2291;2361
2292;2363
2293;2365
2294;2366
2295;2366
2296;2368
2297;2368
2298;2368
2299;2369
2300;2370
2301;2371
2302;2372
2303;2373
2304;2374
2305;2375
2306;2376
2307;2378
2308;2378
2309;2379
2310;2380
2311;2381
2312;2381
2313;2382
2314;2382
2315;2385
2316;2387
2317;2390
2318;2390
2319;2391
2320;2391
2321;2392
2322;2392
2323;2395
2324;2395
2325;2396
2326;2396
2327;2397
2328;2398
2329;2399
2330;2400
2331;2401
2332;2404
2333;2405
2334;2405
2335;2407
2336;2407
2337;2408
2338;2409
2339;2410
2340;2412
2341;2412
2342;2413
2343;2414
2344;2415
2345;2416
2346;2419
2347;2419
2348;2421
2349;2421
2350;2421
2351;2423
2352;2423
2353;2423
2354;2425
2355;2425
2356;2429
2357;2429
2358;2429
2359;2431
2360;2434
2361;2434
2362;2435
2363;2435
2364;2435
2365;2438
2366;2438
2367;2439
2368;2440
2369;2441
2370;2442
2371;2443
2372;2444
2373;2444
2374;2445
2375;2448
2376;2448
2377;2448
2378;2448
2379;2449
2380;2451
2381;2452
2382;2454
2383;2454
2384;2455
2385;2456
2386;2457
2387;2457
2388;2457
2389;2458
2390;2462
2391;2462
2392;2463
2393;2466
2394;2466
2395;2468
2396;2468
2397;2470
2398;2470
2399;2472
2400;2472
2401;2472
2402;2474
2403;2474
2404;2475
2405;2475
2406;2477
2407;2477
2408;2479
2409;2481
2410;2481
2411;2481
2412;2485
2413;2485
2414;2485
2415;2488
2416;2488
2417;2489
2418;2489
2419;2491
2420;2492
2421;2496
2422;2496
2423;2496
2424;2497
2425;2497
2426;2497
