0;75
1;75
2;75
3;78
4;78
5;79
6;81
7;81
8;82
9;82
10;84
11;84
12;86
13;88
14;88
15;88
16;89
17;89
18;89
19;91
20;93
21;93
22;95
23;95
24;95
25;95
26;96
27;98
28;98
29;99
30;102
31;104
32;105
33;105
34;107
35;107
36;109
37;109
38;110
39;110
40;115
41;115
42;117
43;118
44;118
45;118
46;118
47;119
48;122
49;122
50;122
51;122
52;122
53;122
54;124
55;126
56;126
57;127
58;127
59;127
60;128
61;128
62;130
63;130
64;133
65;134
66;134
67;134
68;137
69;139
70;139
71;139
72;141
73;141
74;143
75;144
76;144
77;146
78;148
79;149
80;149
81;153
82;153
83;154
84;157
85;157
86;159
87;159
88;159
89;159
90;161
91;161
92;163
93;166
94;168
95;168
96;170
97;171
98;171
99;171
100;174
101;174
102;177
103;177
104;178
105;178
106;178
107;180
108;180
109;181
110;184
111;185
112;186
113;186
114;186
115;186
116;186
117;187
118;187
119;188
120;189
121;192
122;194
123;194
124;196
125;198
126;198
127;199
128;199
129;200
130;201
131;202
132;202
133;203
134;205
135;205
136;207
137;208
138;209
139;210
140;213
141;213
142;214
143;217
144;217
145;217
146;218
147;218
148;218
149;220
150;222
151;222
152;225
153;225
154;225
155;227
156;230
157;230
158;230
159;232
160;232
161;234
162;235
163;235
164;235
165;236
166;237
167;240
168;241
169;241
170;244
171;244
172;244
173;246
174;246
175;250
176;251
177;251
178;251
179;251
180;252
181;252
182;253
183;256
184;256
185;258
186;258
187;259
188;262
189;262
190;262
191;264
192;264
193;266
194;266
195;266
196;266
197;268
198;268
199;270
200;270
201;271
202;271
203;272
204;274
205;275
206;275
207;278
208;278
209;279
210;279
211;280
212;282
213;283
214;285
215;285
216;288
217;288
218;288
219;291
220;291
221;291
222;293
223;293
224;294
225;295
226;295
227;296
228;296
229;298
230;300
231;302
232;303
233;305
234;305
235;305
236;308
237;308
238;310
239;313
240;313
241;313
242;313
243;313
244;315
245;315
246;318
247;318
248;321
249;321
250;323
251;325
252;325
253;325
254;327
255;328
256;328
257;329
258;331
259;331
260;331
261;333
262;333
263;333
264;333
265;335
266;336
267;336
268;340
269;340
270;341
271;344
272;344
273;345
274;346
275;346
276;346
277;347
278;349
279;349
280;349
281;350
282;351
283;351
284;353
285;354
286;354
287;356
288;356
289;358
290;358
291;358
292;361
293;361
294;362
295;363
296;364
297;365
298;367
299;368
300;368
301;370
302;373
303;375
304;376
305;376
306;378
307;378
308;379
309;379
310;383
311;383
312;384
313;384
314;385
315;387
316;387
317;387
318;388
319;389
320;391
321;391
322;394
323;394
324;394
325;395
326;398
327;398
328;399
329;399
330;400
331;402
332;404
333;404
334;406
335;406
336;406
337;406
338;409
339;411
340;412
341;413
342;415
343;415
344;415
345;416
346;419
347;419
348;419
349;420
350;422
351;422
352;424
353;425
354;426
355;428
356;428
357;430
358;431
359;431
360;431
361;434
362;434
363;436
364;436
365;439
366;439
367;440
368;440
369;441
370;441
371;443
372;445
373;445
374;449
375;449
376;451
377;451
378;452
379;452
380;452
381;453
382;453
383;455
384;457
385;458
386;458
387;458
388;461
389;461
390;461
391;463
392;463
393;466
394;468
395;468
396;468
397;468
398;471
399;472
400;474
401;475
402;475
403;477
404;478
405;478
406;478
407;479
408;479
409;479
410;481
411;483
412;483
413;485
414;485
415;486
416;491
417;491
418;492
419;492
420;495
421;495
422;495
423;495
424;497
425;498
426;498
427;499
428;499
429;500
430;500
431;502
432;503
433;505
434;506
435;506
436;507
437;507
438;509
439;510
440;510
441;512
442;514
443;516
444;517
445;517
446;518
447;519
448;519
449;520
450;521
451;524
452;524
453;526
454;526
455;526
456;527
457;527
458;528
459;530
460;530
461;533
462;533
463;533
464;535
465;537
466;537
467;537
468;539
469;539
470;541
471;541
472;546
473;546
474;547
475;549
476;549
477;551
478;551
479;551
480;552
481;554
482;554
483;554
484;554
485;555
486;562
487;562
488;563
489;564
490;564
491;564
492;564
493;567
494;567
495;567
496;569
497;570
498;570
499;571
500;571
501;571
502;573
503;573
504;574
505;574
506;576
507;578
508;580
509;580
510;580
511;583
512;584
513;584
514;585
515;587
516;591
517;591
518;591
519;594
520;595
521;595
522;595
523;596
524;596
525;598
526;600
527;602
528;602
529;602
530;604
531;604
532;606
533;608
534;608
535;608
536;610
537;611
538;612
539;613
540;613
541;614
542;614
543;616
544;616
545;618
546;620
547;620
548;620
549;620
550;622
551;623
552;627
553;627
554;627
555;628
556;629
557;629
558;630
559;630
560;630
561;631
562;633
563;635
564;635
565;635
566;637
567;637
568;639
569;640
570;640
571;640
572;646
573;646
574;646
575;650
576;650
577;650
578;650
579;650
580;651
581;651
582;653
583;653
584;657
585;659
586;659
587;663
588;663
589;663
590;663
591;664
592;667
593;667
594;668
595;668
596;670
597;670
598;672
599;672
600;675
601;675
602;675
603;675
604;675
605;675
606;677
607;677
608;677
609;678
610;680
611;681
612;682
613;684
614;684
615;686
616;686
617;687
618;687
619;691
620;691
621;691
622;693
623;693
624;694
625;696
626;696
627;698
628;698
629;698
630;700
631;700
632;703
633;703
634;705
635;705
636;706
637;709
638;709
639;712
640;714
641;714
642;719
643;719
644;719
645;720
646;720
647;720
648;720
649;723
650;723
651;724
652;726
653;727
654;727
655;729
656;730
657;730
658;731
659;733
660;736
661;736
662;736
663;736
664;736
665;737
666;737
667;740
668;740
669;740
670;740
671;740
672;742
673;743
674;744
675;746
676;746
677;749
678;749
679;749
680;752
681;752
682;753
683;754
684;757
685;757
686;759
687;761
688;762
689;763
690;763
691;765
692;765
693;767
694;767
695;767
696;769
697;769
698;771
699;771
700;771
701;775
702;775
703;775
704;776
705;776
706;776
707;779
708;779
709;782
710;782
711;782
712;782
713;783
714;783
715;786
716;786
717;789
718;789
719;789
720;789
721;792
722;794
723;794
724;796
725;796
726;796
727;798
728;800
729;800
730;802
731;802
732;803
733;806
734;806
735;806
736;807
737;809
738;809
739;810
740;810
741;811
742;811
743;815
744;815
745;816
746;817
747;817
748;819
749;819
750;820
751;821
752;822
753;824
754;824
755;827
756;829
757;829
758;830
759;831
760;833
761;833
762;833
763;834
764;836
765;836
766;837
767;839
768;839
769;839
770;839
771;842
772;844
773;845
774;848
775;848
776;850
777;850
778;850
779;851
780;851
781;851
782;852
783;852
784;854
785;854
786;855
787;855
788;858
789;859
790;861
791;861
792;864
793;864
794;864
795;866
796;867
797;868
798;868
799;870
800;870
801;871
802;871
803;871
804;873
805;874
806;877
807;877
808;878
809;879
810;879
811;881
812;881
813;881
814;884
815;884
816;885
817;887
818;887
819;890
820;891
821;891
822;891
823;893
824;893
825;895
826;897
827;898
828;898
829;898
830;900
831;902
832;902
833;904
834;904
835;905
836;906
837;908
838;909
839;910
840;913
841;913
842;914
843;915
844;915
845;916
846;919
847;919
848;920
849;921
850;924
851;924
852;925
853;926
854;926
855;928
856;929
857;930
858;931
859;932
860;934
861;934
862;935
863;937
864;938
865;940
866;940
867;940
868;941
869;943
870;946
871;946
872;946
873;946
874;947
875;949
876;949
877;949
878;952
879;952
880;952
881;954
882;954
883;956
884;957
885;958
886;959
887;962
888;962
889;963
890;965
891;965
892;965
893;966
894;966
895;966
896;968
897;968
898;969
899;972
900;972
901;972
902;973
903;975
904;975
905;976
906;978
907;978
908;981
909;981
910;982
911;982
912;984
913;985
914;985
915;985
916;986
917;989
918;990
919;992
920;992
921;994
922;994
923;995
924;997
925;997
926;997
927;999
928;999
929;1001
930;1001
931;1003
932;1003
933;1004
934;1006
935;1007
936;1008
937;1009
938;1014
939;1014
940;1014
941;1016
942;1016
943;1017
944;1019
945;1019
946;1019
947;1019
948;1021
949;1025
950;1025
951;1025
952;1025
953;1027
954;1029
955;1029
956;1029
957;1031
958;1031
959;1032
960;1032
961;1032
962;1033
963;1033
964;1035
965;1036
966;1040
967;1042
968;1042
969;1044
970;1044
971;1046
972;1046
973;1047
974;1047
975;1047
976;1050
977;1050
978;1050
979;1052
980;1053
981;1053
982;1055
983;1057
984;1057
985;1058
986;1058
987;1062
988;1064
989;1064
990;1064
991;1067
992;1067
993;1067
994;1072
995;1072
996;1074
997;1074
998;1076
999;1076
1000;1078
1001;1080
1002;1084
1003;1084
1004;1084
1005;1086
1006;1086
1007;1087
1008;1087
1009;1087
1010;1087
1011;1088
1012;1088
1013;1088
1014;1088
1015;1088
1016;1090
1017;1090
1018;1092
1019;1092
1020;1098
1021;1101
1022;1102
1023;1102
1024;1103
1025;1106
1026;1106
1027;1106
1028;1107
1029;1107
1030;1107
1031;1107
1032;1107
1033;1107
1034;1107
1035;1107
1036;1107
1037;1109
1038;1109
1039;1109
1040;1110
1041;1113
1042;1113
1043;1113
1044;1115
1045;1116
1046;1116
1047;1116
1048;1121
1049;1121
1050;1124
1051;1126
1052;1127
1053;1127
1054;1127
1055;1130
1056;1130
1057;1131
1058;1132
1059;1132
1060;1132
1061;1134
1062;1134
1063;1137
1064;1137
1065;1139
1066;1139
1067;1141
1068;1142
1069;1142
1070;1143
1071;1143
1072;1146
1073;1148
1074;1149
1075;1149
1076;1152
1077;1152
1078;1152
1079;1153
1080;1153
1081;1157
1082;1157
1083;1157
1084;1157
1085;1158
1086;1158
1087;1159
1088;1160
1089;1161
1090;1163
1091;1165
1092;1165
1093;1165
1094;1166
1095;1166
1096;1167
1097;1169
1098;1172
1099;1172
1100;1173
1101;1173
1102;1176
1103;1176
1104;1177
1105;1177
1106;1177
1107;1180
1108;1180
1109;1181
1110;1183
1111;1183
1112;1185
1113;1185
1114;1186
1115;1186
1116;1188
1117;1188
1118;1191
1119;1191
1120;1191
1121;1194
1122;1194
1123;1196
1124;1197
1125;1197
1126;1198
1127;1198
1128;1199
1129;1200
1130;1203
1131;1203
1132;1204
1133;1206
1134;1206
1135;1209
1136;1210
1137;1211
1138;1211
1139;1211
1140;1212
1141;1213
1142;1215
1143;1215
1144;1215
1145;1216
1146;1218
1147;1218
1148;1219
1149;1219
1150;1224
1151;1224
1152;1224
1153;1226
1154;1226
1155;1227
1156;1227
1157;1230
1158;1230
1159;1230
1160;1231
1161;1235
1162;1235
1163;1236
1164;1236
1165;1236
1166;1236
1167;1239
1168;1240
1169;1240
1170;1242
1171;1245
1172;1245
1173;1248
1174;1248
1175;1248
1176;1248
1177;1251
1178;1254
1179;1254
1180;1255
1181;1255
1182;1255
1183;1256
1184;1256
1185;1256
1186;1259
1187;1259
1188;1259
1189;1259
1190;1259
1191;1261
1192;1262
1193;1262
1194;1264
1195;1266
1196;1268
1197;1269
1198;1269
1199;1269
1200;1269
1201;1271
1202;1271
1203;1271
1204;1273
1205;1273
1206;1274
1207;1274
1208;1277
1209;1277
1210;1280
1211;1280
1212;1280
1213;1281
1214;1284
1215;1284
1216;1284
1217;1286
1218;1286
1219;1288
1220;1290
1221;1290
1222;1293
1223;1293
1224;1293
1225;1293
1226;1295
1227;1295
1228;1298
1229;1298
1230;1299
1231;1300
1232;1301
1233;1302
1234;1305
1235;1305
1236;1305
1237;1306
1238;1307
1239;1310
1240;1310
1241;1311
1242;1313
1243;1314
1244;1314
1245;1316
1246;1317
1247;1317
1248;1319
1249;1319
1250;1320
1251;1320
1252;1322
1253;1322
1254;1322
1255;1323
1256;1325
1257;1325
1258;1326
1259;1328
1260;1328
1261;1330
1262;1331
1263;1331
1264;1334
1265;1334
1266;1334
1267;1337
1268;1340
1269;1340
1270;1342
1271;1343
1272;1343
1273;1345
1274;1345
1275;1347
1276;1347
1277;1351
1278;1351
1279;1351
1280;1353
1281;1354
1282;1356
1283;1356
1284;1356
1285;1357
1286;1357
1287;1358
1288;1359
1289;1361
1290;1361
1291;1361
1292;1361
1293;1363
1294;1365
1295;1367
1296;1369
1297;1371
1298;1371
1299;1372
1300;1378
1301;1378
1302;1378
1303;1382
1304;1383
1305;1383
1306;1383
1307;1383
1308;1385
1309;1385
1310;1385
1311;1387
1312;1387
1313;1390
1314;1390
1315;1390
1316;1391
1317;1392
1318;1392
1319;1394
1320;1394
1321;1396
1322;1396
1323;1399
1324;1399
1325;1401
1326;1401
1327;1401
1328;1401
1329;1401
1330;1402
1331;1403
1332;1405
1333;1405
1334;1405
1335;1407
1336;1410
1337;1410
1338;1410
1339;1412
1340;1414
1341;1414
1342;1414
1343;1415
1344;1417
1345;1419
1346;1420
1347;1421
1348;1421
1349;1424
1350;1424
1351;1424
1352;1425
1353;1426
1354;1427
1355;1428
1356;1428
1357;1428
1358;1430
1359;1431
1360;1434
1361;1434
1362;1436
1363;1437
1364;1437
1365;1437
1366;1443
1367;1443
1368;1444
1369;1444
1370;1444
1371;1445
1372;1447
1373;1449
1374;1449
1375;1457
1376;1457
1377;1457
1378;1457
1379;1457
1380;1457
1381;1459
1382;1459
1383;1460
1384;1461
1385;1461
1386;1461
1387;1462
1388;1462
1389;1464
1390;1466
1391;1466
1392;1467
1393;1468
1394;1468
1395;1470
1396;1470
1397;1470
1398;1473
1399;1473
1400;1474
1401;1477
1402;1477
1403;1480
1404;1480
1405;1480
1406;1480
1407;1481
1408;1482
1409;1483
1410;1484
1411;1485
1412;1485
1413;1485
1414;1485
1415;1487
1416;1488
1417;1488
1418;1488
1419;1489
1420;1490
1421;1492
1422;1492
1423;1492
1424;1494
1425;1496
1426;1497
1427;1497
1428;1497
1429;1499
1430;1499
1431;1501
1432;1502
1433;1503
1434;1504
1435;1505
1436;1505
1437;1507
1438;1508
1439;1510
1440;1511
1441;1511
1442;1517
1443;1517
1444;1517
1445;1518
1446;1519
1447;1519
1448;1522
1449;1522
1450;1522
1451;1524
1452;1524
1453;1525
1454;1525
1455;1525
1456;1525
1457;1527
1458;1528
1459;1528
1460;1529
1461;1534
1462;1534
1463;1534
1464;1536
1465;1536
1466;1537
1467;1538
1468;1538
1469;1539
1470;1541
1471;1541
1472;1543
1473;1544
1474;1546
1475;1548
1476;1548
1477;1548
1478;1550
1479;1552
1480;1552
1481;1555
1482;1555
1483;1558
1484;1558
1485;1560
1486;1560
1487;1560
1488;1562
1489;1563
1490;1563
1491;1563
1492;1563
1493;1563
1494;1563
1495;1564
1496;1566
1497;1568
1498;1571
1499;1571
1500;1573
1501;1573
1502;1573
1503;1573
1504;1574
1505;1577
1506;1578
1507;1578
1508;1578
1509;1581
1510;1582
1511;1582
1512;1582
1513;1582
1514;1584
1515;1585
1516;1585
1517;1589
1518;1589
1519;1591
1520;1593
1521;1593
1522;1593
1523;1594
1524;1595
1525;1596
1526;1596
1527;1597
1528;1598
1529;1601
1530;1601
1531;1604
1532;1604
1533;1606
1534;1606
1535;1607
1536;1609
1537;1609
1538;1609
1539;1612
1540;1612
1541;1612
1542;1616
1543;1616
1544;1616
1545;1617
1546;1617
1547;1617
1548;1618
1549;1620
1550;1620
1551;1622
1552;1625
1553;1626
1554;1626
1555;1626
1556;1628
1557;1628
1558;1629
1559;1631
1560;1631
1561;1631
1562;1633
1563;1635
1564;1637
1565;1638
1566;1638
1567;1638
1568;1640
1569;1640
1570;1641
1571;1643
1572;1647
1573;1647
1574;1647
1575;1648
1576;1648
1577;1649
1578;1650
1579;1650
1580;1652
1581;1652
1582;1655
1583;1656
1584;1656
1585;1657
1586;1657
1587;1658
1588;1659
1589;1660
1590;1662
1591;1662
1592;1663
1593;1664
1594;1665
1595;1665
1596;1665
1597;1667
1598;1670
1599;1671
1600;1672
1601;1673
1602;1675
1603;1676
1604;1676
1605;1676
1606;1677
1607;1679
1608;1680
1609;1680
1610;1681
1611;1683
1612;1683
1613;1685
1614;1686
1615;1686
1616;1688
1617;1690
1618;1690
1619;1692
1620;1692
1621;1692
1622;1696
1623;1698
1624;1698
1625;1699
1626;1699
1627;1699
1628;1699
1629;1700
1630;1700
1631;1703
1632;1703
1633;1705
1634;1705
1635;1705
1636;1707
1637;1710
1638;1710
1639;1711
1640;1713
1641;1714
1642;1714
1643;1714
1644;1715
1645;1717
1646;1718
1647;1718
1648;1718
1649;1719
1650;1720
1651;1724
1652;1724
1653;1725
1654;1727
1655;1728
1656;1730
1657;1731
1658;1733
1659;1737
1660;1737
1661;1739
1662;1739
1663;1742
1664;1742
1665;1742
1666;1743
1667;1743
1668;1744
1669;1744
1670;1745
1671;1745
1672;1746
1673;1747
1674;1748
1675;1750
1676;1750
1677;1750
1678;1751
1679;1751
1680;1752
1681;1752
1682;1753
1683;1755
1684;1756
1685;1757
1686;1758
1687;1758
1688;1759
1689;1760
1690;1762
1691;1764
1692;1764
1693;1767
1694;1767
1695;1768
1696;1768
1697;1769
1698;1770
1699;1770
1700;1772
1701;1772
1702;1772
1703;1774
1704;1774
1705;1776
1706;1776
1707;1777
1708;1778
1709;1780
1710;1780
1711;1783
1712;1783
1713;1784
1714;1788
1715;1788
1716;1788
1717;1789
1718;1789
1719;1789
1720;1792
1721;1792
1722;1792
1723;1795
1724;1795
1725;1799
1726;1799
1727;1799
1728;1800
1729;1800
1730;1801
1731;1805
1732;1805
1733;1806
1734;1806
1735;1808
1736;1808
1737;1810
1738;1810
1739;1810
1740;1811
1741;1813
1742;1814
1743;1815
1744;1816
1745;1818
1746;1820
1747;1820
1748;1822
1749;1822
1750;1822
1751;1825
1752;1825
1753;1828
1754;1828
1755;1828
1756;1829
1757;1829
1758;1830
1759;1830
1760;1833
1761;1834
1762;1834
1763;1835
1764;1835
1765;1839
1766;1839
1767;1841
1768;1842
1769;1845
1770;1846
1771;1847
1772;1847
1773;1847
1774;1849
1775;1849
1776;1850
1777;1850
1778;1852
1779;1852
1780;1853
1781;1856
1782;1856
1783;1856
1784;1857
1785;1860
1786;1860
1787;1863
1788;1863
1789;1863
1790;1863
1791;1863
1792;1863
1793;1863
1794;1865
1795;1865
1796;1866
1797;1866
1798;1866
1799;1867
1800;1868
1801;1868
1802;1872
1803;1872
1804;1873
1805;1874
1806;1874
1807;1876
1808;1877
1809;1878
1810;1879
1811;1879
1812;1882
1813;1883
1814;1884
1815;1885
1816;1886
1817;1886
1818;1890
1819;1891
1820;1893
1821;1895
1822;1895
1823;1896
1824;1896
1825;1896
1826;1902
1827;1902
1828;1903
1829;1906
1830;1906
1831;1906
1832;1907
1833;1907
1834;1907
1835;1908
1836;1908
1837;1908
1838;1909
1839;1909
1840;1909
1841;1912
1842;1912
1843;1913
1844;1917
1845;1917
1846;1917
1847;1919
1848;1919
1849;1922
1850;1923
1851;1923
1852;1923
1853;1925
1854;1926
1855;1926
1856;1926
1857;1928
1858;1929
1859;1929
1860;1931
1861;1931
1862;1932
1863;1933
1864;1934
1865;1935
1866;1935
1867;1936
1868;1938
1869;1939
1870;1939
1871;1942
1872;1942
1873;1943
1874;1943
1875;1943
1876;1946
1877;1948
1878;1948
1879;1948
1880;1948
1881;1950
1882;1951
1883;1951
1884;1952
1885;1953
1886;1954
1887;1955
1888;1956
1889;1957
1890;1959
1891;1962
1892;1962
1893;1963
1894;1963
1895;1963
1896;1966
1897;1967
1898;1967
1899;1968
1900;1972
1901;1972
1902;1973
1903;1973
1904;1973
1905;1974
1906;1976
1907;1976
1908;1978
1909;1980
1910;1980
1911;1982
1912;1983
1913;1983
1914;1983
1915;1984
1916;1986
1917;1986
1918;1990
1919;1993
1920;1993
1921;1994
1922;1994
1923;1996
1924;1996
1925;1998
1926;1998
1927;1999
1928;1999
1929;1999
1930;2002
1931;2002
1932;2002
1933;2004
1934;2007
1935;2007
1936;2010
1937;2010
1938;2013
1939;2016
1940;2016
1941;2016
1942;2016
1943;2019
1944;2019
1945;2023
1946;2023
1947;2023
1948;2024
1949;2024
1950;2025
1951;2027
1952;2029
1953;2029
1954;2031
1955;2031
1956;2033
1957;2033
1958;2034
1959;2037
1960;2037
1961;2038
1962;2038
1963;2039
1964;2039
1965;2041
1966;2045
1967;2045
1968;2046
1969;2046
1970;2046
1971;2046
1972;2047
1973;2049
1974;2049
1975;2051
1976;2051
1977;2054
1978;2056
1979;2056
1980;2056
1981;2056
1982;2056
1983;2059
1984;2059
1985;2059
1986;2059
1987;2061
1988;2062
1989;2062
1990;2063
1991;2063
1992;2063
1993;2064
1994;2065
1995;2065
1996;2066
1997;2067
1998;2071
1999;2071
2000;2071
2001;2072
2002;2074
2003;2074
2004;2074
2005;2076
2006;2076
2007;2077
2008;2078
2009;2079
2010;2079
2011;2082
2012;2082
2013;2084
2014;2084
2015;2086
2016;2086
2017;2088
2018;2089
2019;2090
2020;2090
2021;2091
2022;2092
2023;2092
2024;2094
2025;2096
2026;2097
2027;2099
2028;2099
2029;2099
2030;2100
2031;2102
2032;2102
2033;2104
2034;2104
2035;2106
2036;2107
2037;2107
2038;2109
2039;2111
2040;2111
2041;2112
2042;2114
2043;2114
2044;2116
2045;2116
2046;2116
2047;2119
2048;2119
2049;2119
2050;2121
2051;2122
2052;2123
2053;2123
2054;2123
2055;2125
2056;2127
2057;2127
2058;2130
2059;2130
2060;2132
2061;2132
2062;2133
2063;2134
2064;2135
2065;2138
2066;2139
2067;2139
2068;2139
2069;2140
2070;2142
2071;2142
2072;2143
2073;2145
2074;2145
2075;2145
2076;2145
2077;2147
2078;2148
2079;2150
2080;2151
2081;2151
2082;2153
2083;2155
2084;2155
2085;2155
2086;2156
2087;2157
2088;2160
2089;2160
2090;2160
2091;2160
2092;2161
2093;2164
2094;2165
2095;2166
2096;2167
2097;2168
2098;2169
2099;2169
2100;2170
2101;2172
2102;2173
2103;2173
2104;2173
2105;2177
2106;2177
2107;2178
2108;2178
2109;2181
2110;2182
2111;2183
2112;2184
2113;2186
2114;2187
2115;2188
2116;2190
2117;2190
2118;2190
2119;2190
2120;2192
2121;2194
2122;2196
2123;2196
2124;2197
2125;2198
2126;2198
2127;2199
2128;2201
2129;2201
2130;2202
2131;2202
2132;2204
2133;2204
2134;2205
2135;2207
2136;2210
2137;2211
2138;2211
2139;2212
2140;2212
2141;2212
2142;2212
2143;2213
2144;2214
2145;2217
2146;2217
2147;2219
2148;2219
2149;2221
2150;2221
2151;2222
2152;2224
2153;2226
2154;2226
2155;2226
2156;2229
2157;2229
2158;2230
2159;2230
2160;2231
2161;2232
2162;2232
2163;2234
2164;2235
2165;2237
2166;2237
2167;2237
2168;2240
2169;2240
2170;2242
2171;2242
2172;2244
2173;2246
2174;2246
2175;2248
2176;2248
2177;2250
2178;2250
2179;2252
2180;2252
2181;2252
2182;2254
2183;2254
2184;2255
2185;2255
2186;2257
2187;2257
2188;2260
2189;2260
2190;2260
2191;2262
2192;2262
2193;2263
2194;2268
2195;2268
2196;2269
2197;2269
2198;2271
2199;2271
2200;2271
2201;2274
2202;2274
2203;2276
2204;2276
2205;2277
2206;2279
2207;2279
2208;2279
2209;2280
2210;2283
2211;2283
2212;2284
2213;2284
2214;2285
2215;2286
2216;2286
2217;2287
2218;2287
2219;2289
2220;2289
2221;2291
2222;2291
2223;2294
2224;2294
2225;2294
2226;2298
2227;2298
2228;2299
2229;2301
2230;2304
2231;2304
2232;2306
2233;2306
2234;2306
2235;2307
2236;2307
2237;2309
2238;2309
2239;2311
2240;2311
2241;2314
2242;2314
2243;2314
2244;2316
2245;2316
2246;2316
2247;2319
2248;2319
2249;2320
2250;2321
2251;2322
2252;2324
2253;2325
2254;2325
2255;2328
2256;2328
2257;2330
2258;2330
2259;2332
2260;2334
2261;2334
2262;2334
2263;2335
2264;2335
2265;2336
2266;2338
2267;2339
2268;2339
2269;2339
2270;2341
2271;2343
2272;2344
2273;2344
2274;2347
2275;2347
2276;2349
2277;2349
2278;2350
2279;2351
2280;2353
2281;2353
2282;2355
2283;2356
2284;2356
2285;2357
2286;2360
2287;2360
2288;2363
2289;2364
2290;2364
2291;2366
2292;2366
2293;2367
2294;2367
2295;2367
2296;2367
2297;2368
2298;2369
2299;2370
2300;2370
2301;2372
2302;2374
2303;2374
2304;2375
2305;2375
2306;2379
2307;2379
2308;2380
2309;2380
2310;2380
2311;2381
2312;2383
2313;2384
2314;2385
2315;2385
2316;2386
2317;2388
2318;2391
2319;2391
2320;2392
2321;2392
2322;2393
2323;2396
2324;2398
2325;2398
2326;2399
2327;2399
2328;2399
2329;2399
2330;2401
2331;2404
2332;2406
2333;2406
2334;2406
2335;2406
2336;2406
2337;2409
2338;2409
2339;2410
2340;2411
2341;2413
2342;2416
2343;2416
2344;2416
2345;2416
2346;2419
2347;2421
2348;2422
2349;2422
2350;2423
2351;2425
2352;2427
2353;2430
2354;2430
2355;2430
2356;2430
2357;2430
2358;2430
2359;2431
2360;2433
2361;2434
2362;2436
2363;2436
2364;2439
2365;2439
2366;2440
2367;2440
2368;2440
2369;2441
2370;2443
2371;2443
2372;2443
2373;2446
2374;2447
2375;2447
2376;2447
2377;2449
2378;2449
2379;2451
2380;2451
2381;2452
2382;2455
2383;2455
2384;2456
2385;2457
2386;2458
2387;2458
2388;2458
2389;2462
2390;2462
2391;2463
2392;2463
2393;2463
2394;2464
2395;2465
2396;2466
2397;2467
2398;2469
2399;2469
2400;2469
2401;2470
2402;2473
2403;2473
2404;2475
2405;2475
2406;2477
2407;2478
2408;2478
2409;2478
2410;2479
2411;2480
2412;2481
2413;2481
2414;2483
2415;2485
2416;2486
2417;2486
2418;2486
2419;2490
2420;2491
2421;2492
2422;2492
2423;2493
2424;2496
2425;2496
2426;2498
2427;2498
2428;2500
2429;2501
2430;2502
2431;2504
2432;2504
2433;2505
2434;2505
2435;2507
2436;2507
2437;2507
2438;2507
2439;2508
2440;2508
2441;2509
2442;2510
2443;2514
2444;2514
2445;2514
2446;2517
2447;2518
2448;2518
2449;2518
2450;2519
2451;2522
2452;2522
2453;2524
2454;2524
2455;2525
2456;2528
2457;2528
2458;2530
2459;2530
2460;2530
2461;2531
2462;2531
2463;2532
2464;2532
2465;2534
2466;2535
2467;2535
2468;2535
2469;2538
2470;2538
2471;2539
2472;2542
2473;2544
2474;2544
2475;2544
2476;2546
2477;2546
2478;2548
2479;2548
2480;2550
2481;2553
2482;2553
2483;2554
2484;2557
2485;2557
2486;2558
2487;2559
2488;2559
2489;2560
2490;2563
2491;2565
2492;2566
2493;2566
2494;2566
2495;2568
2496;2568
2497;2571
2498;2571
2499;2574
2500;2574
2501;2574
2502;2574
2503;2574
2504;2579
2505;2579
2506;2581
2507;2581
2508;2581
2509;2581
2510;2581
2511;2581
2512;2581
2513;2581
2514;2582
2515;2582
2516;2584
2517;2587
2518;2587
2519;2587
2520;2588
2521;2588
2522;2590
2523;2591
2524;2593
2525;2593
2526;2595
2527;2595
2528;2599
2529;2600
2530;2600
2531;2601
2532;2601
2533;2603
2534;2605
2535;2605
2536;2605
2537;2606
2538;2607
2539;2608
2540;2609
2541;2609
2542;2611
2543;2611
2544;2612
2545;2612
2546;2616
2547;2618
2548;2618
2549;2618
2550;2620
2551;2621
2552;2623
2553;2624
2554;2624
2555;2625
2556;2625
2557;2625
2558;2626
2559;2627
2560;2630
2561;2631
2562;2631
2563;2634
2564;2634
2565;2634
2566;2639
2567;2639
2568;2639
2569;2639
2570;2640
2571;2643
2572;2643
2573;2644
2574;2645
2575;2645
2576;2646
2577;2647
2578;2648
2579;2649
2580;2649
2581;2655
2582;2655
2583;2655
2584;2656
2585;2656
2586;2658
2587;2658
2588;2659
2589;2659
2590;2659
2591;2660
2592;2663
2593;2663
2594;2665
2595;2666
2596;2666
2597;2669
2598;2671
2599;2671
2600;2671
2601;2672
2602;2674
2603;2674
2604;2675
2605;2675
2606;2676
2607;2679
2608;2680
2609;2684
2610;2684
2611;2684
2612;2685
2613;2688
2614;2688
2615;2689
2616;2691
2617;2691
2618;2692
2619;2692
2620;2694
2621;2695
2622;2695
2623;2695
2624;2695
2625;2695
2626;2697
2627;2699
2628;2701
2629;2701
2630;2703
2631;2704
2632;2705
2633;2705
2634;2705
2635;2709
2636;2709
2637;2709
2638;2713
2639;2714
2640;2714
2641;2714
2642;2714
2643;2714
2644;2716
2645;2716
2646;2718
2647;2719
2648;2719
2649;2720
2650;2720
2651;2721
2652;2721
2653;2722
2654;2724
2655;2725
2656;2726
2657;2728
2658;2728
2659;2729
2660;2729
2661;2731
2662;2731
2663;2731
2664;2734
2665;2735
2666;2735
2667;2737
2668;2737
2669;2738
2670;2738
2671;2738
2672;2740
2673;2742
2674;2742
2675;2742
2676;2742
2677;2744
2678;2744
2679;2747
2680;2749
2681;2749
2682;2750
2683;2750
2684;2753
2685;2754
2686;2755
2687;2756
2688;2758
2689;2759
2690;2759
2691;2761
2692;2763
2693;2763
2694;2765
2695;2768
2696;2768
2697;2769
2698;2770
2699;2770
2700;2772
2701;2772
2702;2772
2703;2776
2704;2777
2705;2777
2706;2777
2707;2777
2708;2777
2709;2777
2710;2779
2711;2780
2712;2782
2713;2782
2714;2783
2715;2784
2716;2787
2717;2787
2718;2789
2719;2789
2720;2789
2721;2790
2722;2792
2723;2792
2724;2792
2725;2793
2726;2795
2727;2796
2728;2798
2729;2799
2730;2799
2731;2801
2732;2801
2733;2801
2734;2804
2735;2804
2736;2806
2737;2807
2738;2809
2739;2809
2740;2811
2741;2813
2742;2815
2743;2816
2744;2817
2745;2817
2746;2817
2747;2818
2748;2821
2749;2823
2750;2824
2751;2824
2752;2825
2753;2825
2754;2827
2755;2829
2756;2829
2757;2830
2758;2830
2759;2832
2760;2832
2761;2835
2762;2835
2763;2836
2764;2836
2765;2837
2766;2837
2767;2837
2768;2841
2769;2841
2770;2841
2771;2843
2772;2844
2773;2844
2774;2847
2775;2847
2776;2848
2777;2848
2778;2850
2779;2850
2780;2852
2781;2852
2782;2854
2783;2854
2784;2855
2785;2855
2786;2855
2787;2857
2788;2858
2789;2859
2790;2859
2791;2862
2792;2863
2793;2863
2794;2865
2795;2865
2796;2866
2797;2868
2798;2871
2799;2872
2800;2872
2801;2872
2802;2872
2803;2872
2804;2874
2805;2877
2806;2878
2807;2879
2808;2879
2809;2881
2810;2881
2811;2883
2812;2885
2813;2885
2814;2885
2815;2886
2816;2892
2817;2892
2818;2892
2819;2893
2820;2893
2821;2893
2822;2894
2823;2894
2824;2896
2825;2898
2826;2898
2827;2898
2828;2899
2829;2899
2830;2901
2831;2901
2832;2903
2833;2904
2834;2908
2835;2908
2836;2908
2837;2908
2838;2912
2839;2912
2840;2912
2841;2913
2842;2915
2843;2915
2844;2916
2845;2918
2846;2920
2847;2921
2848;2921
2849;2924
2850;2924
2851;2925
2852;2925
2853;2926
2854;2928
2855;2929
2856;2931
2857;2931
2858;2931
2859;2932
2860;2935
2861;2935
2862;2935
2863;2936
2864;2936
2865;2939
2866;2939
2867;2939
2868;2941
2869;2941
2870;2945
2871;2945
2872;2947
2873;2947
2874;2949
2875;2949
2876;2949
2877;2949
2878;2951
2879;2953
2880;2953
2881;2955
2882;2955
2883;2956
2884;2956
2885;2958
2886;2958
2887;2959
2888;2962
2889;2963
2890;2963
2891;2965
2892;2965
2893;2965
2894;2966
2895;2966
2896;2969
2897;2969
2898;2969
2899;2970
2900;2972
2901;2974
2902;2975
2903;2975
2904;2976
2905;2979
2906;2979
2907;2979
2908;2979
2909;2983
2910;2983
2911;2984
2912;2986
2913;2986
2914;2990
2915;2990
2916;2991
2917;2991
2918;2992
2919;2992
2920;2992
2921;2995
2922;2997
2923;2999
2924;2999
2925;2999
