0;75
1;78
2;78
3;79
4;81
5;83
6;83
7;83
8;83
9;83
10;84
11;84
12;86
13;88
14;88
15;88
16;89
17;89
18;89
19;91
20;93
21;93
22;95
23;95
24;95
25;95
26;97
27;99
28;99
29;99
30;102
31;104
32;105
33;105
34;107
35;107
36;109
37;109
38;110
39;110
40;115
41;115
42;117
43;118
44;118
45;118
46;118
47;119
48;122
49;122
50;122
51;122
52;122
53;122
54;124
55;126
56;126
57;127
58;127
59;127
60;128
61;132
62;132
63;132
64;133
65;134
66;136
67;136
68;137
69;141
70;142
71;142
72;143
73;143
74;145
75;145
76;145
77;146
78;148
79;149
80;149
81;149
82;152
83;154
84;154
85;154
86;157
87;157
88;159
89;159
90;161
91;161
92;163
93;165
94;165
95;165
96;167
97;169
98;170
99;170
100;172
101;172
102;172
103;174
104;177
105;178
106;178
107;180
108;180
109;181
110;184
111;185
112;185
113;185
114;186
115;186
116;186
117;187
118;187
119;188
120;190
121;192
122;192
123;194
124;194
125;194
126;196
127;198
128;199
129;200
130;201
131;202
132;202
133;205
134;205
135;206
136;210
137;210
138;211
139;211
140;213
141;214
142;214
143;215
144;216
145;216
146;216
147;218
148;218
149;220
150;221
151;222
152;225
153;225
154;225
155;228
156;230
157;230
158;232
159;232
160;232
161;233
162;235
163;235
164;235
165;236
166;237
167;240
168;241
169;241
170;244
171;244
172;244
173;246
174;246
175;250
176;251
177;251
178;251
179;251
180;252
181;252
182;253
183;256
184;256
185;258
186;258
187;259
188;262
189;262
190;262
191;262
192;264
193;267
194;267
195;267
196;267
197;270
198;271
199;273
200;273
201;274
202;274
203;274
204;274
205;275
206;276
207;278
208;278
209;281
210;281
211;282
212;282
213;284
214;285
215;288
216;288
217;289
218;289
219;291
220;291
221;294
222;294
223;294
224;294
225;295
226;295
227;297
228;297
229;298
230;300
231;302
232;306
233;307
234;307
235;307
236;309
237;309
238;313
239;315
240;316
241;316
242;316
243;318
244;318
245;322
246;322
247;322
248;322
249;322
250;323
251;323
252;323
253;323
254;325
255;328
256;328
257;330
258;330
259;330
260;333
261;334
262;336
263;336
264;336
265;336
266;336
267;339
268;340
269;340
270;341
271;344
272;345
273;345
274;345
275;348
276;348
277;348
278;349
279;350
280;351
281;352
282;354
283;354
284;354
285;355
286;358
287;358
288;359
289;359
290;362
291;362
292;365
293;365
294;366
295;368
296;368
297;368
298;368
299;370
300;371
301;373
302;373
303;373
304;375
305;375
306;376
307;377
308;379
309;379
310;382
311;382
312;383
313;384
314;384
315;385
316;386
317;387
318;388
319;389
320;391
321;391
322;394
323;394
324;394
325;395
326;398
327;398
328;399
329;400
330;401
331;402
332;404
333;404
334;406
335;406
336;406
337;406
338;409
339;410
340;411
341;413
342;415
343;415
344;415
345;416
346;419
347;419
348;420
349;420
350;423
351;423
352;427
353;428
354;428
355;429
356;431
357;431
358;431
359;434
360;434
361;435
362;435
363;436
364;436
365;439
366;439
367;440
368;440
369;441
370;441
371;444
372;445
373;445
374;449
375;449
376;451
377;451
378;452
379;452
380;452
381;453
382;453
383;455
384;457
385;458
386;458
387;458
388;461
389;463
390;463
391;463
392;464
393;466
394;468
395;469
396;469
397;472
398;472
399;473
400;474
401;475
402;475
403;478
404;478
405;480
406;480
407;480
408;480
409;482
410;482
411;483
412;486
413;489
414;489
415;490
416;491
417;491
418;492
419;492
420;495
421;495
422;495
423;496
424;498
425;499
426;499
427;502
428;502
429;502
430;502
431;503
432;503
433;505
434;507
435;507
436;507
437;509
438;509
439;511
440;511
441;514
442;514
443;516
444;516
445;516
446;518
447;519
448;519
449;521
450;521
451;524
452;524
453;526
454;526
455;526
456;527
457;528
458;528
459;529
460;529
461;533
462;533
463;533
464;535
465;535
466;536
467;537
468;537
469;539
470;540
471;541
472;546
473;546
474;547
475;549
476;549
477;551
478;551
479;551
480;552
481;552
482;553
483;555
484;555
485;556
486;562
487;562
488;563
489;564
490;564
491;566
492;566
493;567
494;567
495;568
496;569
497;570
498;570
499;570
500;570
501;571
502;572
503;572
504;574
505;574
506;576
507;580
508;581
509;581
510;584
511;584
512;584
513;584
514;585
515;588
516;591
517;591
518;591
519;594
520;595
521;595
522;595
523;596
524;596
525;598
526;600
527;602
528;602
529;602
530;604
531;604
532;606
533;608
534;608
535;608
536;611
537;611
538;611
539;613
540;613
541;614
542;615
543;617
544;617
545;618
546;620
547;621
548;621
549;623
550;624
551;624
552;627
553;628
554;628
555;628
556;630
557;632
558;632
559;632
560;632
561;634
562;634
563;635
564;635
565;635
566;637
567;637
568;637
569;639
570;640
571;640
572;646
573;646
574;646
575;650
576;650
577;650
578;650
579;650
580;651
581;651
582;653
583;653
584;657
585;659
586;659
587;663
588;663
589;663
590;663
591;664
592;667
593;667
594;668
595;668
596;670
597;670
598;672
599;672
600;675
601;675
602;675
603;675
604;675
605;675
606;677
607;678
608;678
609;679
610;681
611;681
612;685
613;685
614;685
615;686
616;687
617;688
618;688
619;691
620;691
621;691
622;691
623;693
624;695
625;696
626;697
627;698
628;698
629;698
630;699
631;700
632;700
633;702
634;705
635;705
636;707
637;709
638;710
639;712
640;714
641;714
642;719
643;719
644;719
645;720
646;720
647;720
648;721
649;724
650;724
651;725
652;726
653;727
654;727
655;729
656;730
657;730
658;731
659;733
660;736
661;736
662;736
663;736
664;736
665;737
666;737
667;740
668;741
669;741
670;742
671;742
672;744
673;745
674;745
675;746
676;747
677;749
678;749
679;749
680;752
681;752
682;753
683;753
684;754
685;755
686;757
687;757
688;759
689;764
690;766
691;766
692;766
693;767
694;767
695;767
696;767
697;768
698;769
699;769
700;770
701;772
702;772
703;772
704;774
705;775
706;775
707;776
708;777
709;779
710;780
711;781
712;787
713;787
714;787
715;789
716;789
717;789
718;789
719;789
720;790
721;790
722;792
723;793
724;794
725;794
726;796
727;796
728;797
729;799
730;803
731;805
732;808
733;809
734;812
735;812
736;812
737;813
738;813
739;813
740;815
741;816
742;818
743;818
744;818
745;819
746;821
747;821
748;821
749;822
750;824
751;824
752;824
753;826
754;826
755;827
756;830
757;830
758;832
759;832
760;832
761;834
762;836
763;836
764;837
765;837
766;837
767;838
768;838
769;842
770;842
771;844
772;846
773;846
774;848
775;848
776;850
777;850
778;850
779;850
780;852
781;852
782;853
783;854
784;854
785;856
786;856
787;858
788;859
789;859
790;860
791;861
792;864
793;864
794;864
795;865
796;865
797;865
798;866
799;868
800;870
801;870
802;872
803;872
804;874
805;874
806;877
807;877
808;878
809;879
810;879
811;882
812;882
813;882
814;884
815;886
816;886
817;887
818;887
819;890
820;890
821;890
822;891
823;893
824;894
825;896
826;897
827;898
828;898
829;898
830;899
831;902
832;902
833;903
834;904
835;906
836;906
837;907
838;909
839;910
840;913
841;913
842;914
843;914
844;915
845;916
846;917
847;917
848;920
849;920
850;922
851;923
852;925
853;926
854;926
855;928
856;928
857;930
858;930
859;932
860;935
861;935
862;937
863;937
864;938
865;940
866;940
867;943
868;943
869;943
870;946
871;946
872;947
873;947
874;947
875;949
876;949
877;949
878;952
879;952
880;952
881;954
882;954
883;956
884;957
885;958
886;959
887;962
888;962
889;963
890;965
891;965
892;965
893;966
894;966
895;967
896;968
897;968
898;969
899;972
900;972
901;972
902;973
903;975
904;975
905;976
906;977
907;978
908;979
909;981
910;982
911;982
912;984
913;985
914;985
915;986
916;986
917;989
918;990
919;992
920;992
921;994
922;994
923;995
924;995
925;997
926;998
927;1000
928;1001
929;1001
930;1002
931;1005
932;1007
933;1007
934;1007
935;1008
936;1010
937;1010
938;1014
939;1014
940;1014
941;1016
942;1016
943;1017
944;1019
945;1019
946;1019
947;1019
948;1021
949;1025
950;1025
951;1025
952;1025
953;1027
954;1030
955;1030
956;1030
957;1032
958;1032
959;1032
960;1032
961;1033
962;1033
963;1035
964;1035
965;1039
966;1041
967;1042
968;1045
969;1045
970;1046
971;1046
972;1049
973;1049
974;1050
975;1050
976;1052
977;1052
978;1052
979;1052
980;1053
981;1053
982;1055
983;1057
984;1057
985;1058
986;1058
987;1062
988;1064
989;1064
990;1064
991;1067
992;1067
993;1067
994;1072
995;1072
996;1074
997;1074
998;1076
999;1076
1000;1078
1001;1080
1002;1084
1003;1084
1004;1084
1005;1086
1006;1086
1007;1087
1008;1087
1009;1087
1010;1087
1011;1088
1012;1088
1013;1088
1014;1088
1015;1088
1016;1090
1017;1090
1018;1092
1019;1092
1020;1098
1021;1101
1022;1102
1023;1102
1024;1103
1025;1106
1026;1106
1027;1106
1028;1107
1029;1107
1030;1107
1031;1107
1032;1107
1033;1107
1034;1107
1035;1107
1036;1107
1037;1109
1038;1109
1039;1109
1040;1110
1041;1113
1042;1113
1043;1113
1044;1114
1045;1116
1046;1116
1047;1116
1048;1118
1049;1119
1050;1120
1051;1122
1052;1122
1053;1122
1054;1124
1055;1127
1056;1127
1057;1128
1058;1130
1059;1132
1060;1132
1061;1133
1062;1133
1063;1134
1064;1134
1065;1136
1066;1136
1067;1138
1068;1138
1069;1139
1070;1140
1071;1140
1072;1142
1073;1143
1074;1144
1075;1146
1076;1148
1077;1150
1078;1151
1079;1151
1080;1152
1081;1157
1082;1157
1083;1157
1084;1157
1085;1158
1086;1158
1087;1159
1088;1159
1089;1160
1090;1162
1091;1163
1092;1163
1093;1163
1094;1165
1095;1166
1096;1166
1097;1169
1098;1170
1099;1171
1100;1171
1101;1172
1102;1174
1103;1174
1104;1176
1105;1178
1106;1178
1107;1178
1108;1178
1109;1181
1110;1181
1111;1182
1112;1183
1113;1183
1114;1185
1115;1186
1116;1188
1117;1188
1118;1188
1119;1189
1120;1191
1121;1194
1122;1194
1123;1195
1124;1195
1125;1197
1126;1198
1127;1198
1128;1199
1129;1200
1130;1202
1131;1202
1132;1204
1133;1204
1134;1206
1135;1208
1136;1210
1137;1210
1138;1210
1139;1212
1140;1215
1141;1215
1142;1215
1143;1215
1144;1218
1145;1220
1146;1220
1147;1221
1148;1221
1149;1222
1150;1225
1151;1225
1152;1225
1153;1227
1154;1227
1155;1229
1156;1231
1157;1231
1158;1232
1159;1232
1160;1232
1161;1236
1162;1236
1163;1237
1164;1237
1165;1238
1166;1238
1167;1239
1168;1240
1169;1240
1170;1242
1171;1245
1172;1245
1173;1248
1174;1248
1175;1248
1176;1248
1177;1251
1178;1254
1179;1254
1180;1255
1181;1255
1182;1255
1183;1256
1184;1256
1185;1256
1186;1259
1187;1259
1188;1259
1189;1259
1190;1260
1191;1261
1192;1262
1193;1262
1194;1264
1195;1267
1196;1268
1197;1269
1198;1269
1199;1269
1200;1269
1201;1271
1202;1271
1203;1271
1204;1273
1205;1273
1206;1274
1207;1275
1208;1277
1209;1277
1210;1280
1211;1280
1212;1280
1213;1281
1214;1284
1215;1284
1216;1285
1217;1286
1218;1286
1219;1288
1220;1290
1221;1290
1222;1293
1223;1293
1224;1293
1225;1294
1226;1297
1227;1297
1228;1298
1229;1298
1230;1300
1231;1300
1232;1301
1233;1303
1234;1305
1235;1305
1236;1305
1237;1307
1238;1307
1239;1309
1240;1309
1241;1313
1242;1313
1243;1313
1244;1314
1245;1315
1246;1317
1247;1317
1248;1320
1249;1322
1250;1323
1251;1324
1252;1325
1253;1325
1254;1327
1255;1327
1256;1329
1257;1330
1258;1330
1259;1330
1260;1331
1261;1331
1262;1332
1263;1332
1264;1334
1265;1335
1266;1337
1267;1338
1268;1343
1269;1343
1270;1344
1271;1344
1272;1344
1273;1346
1274;1346
1275;1349
1276;1349
1277;1351
1278;1351
1279;1351
1280;1353
1281;1354
1282;1356
1283;1356
1284;1356
1285;1357
1286;1357
1287;1358
1288;1358
1289;1359
1290;1359
1291;1359
1292;1361
1293;1363
1294;1363
1295;1366
1296;1369
1297;1370
1298;1370
1299;1371
1300;1372
1301;1373
1302;1375
1303;1375
1304;1375
1305;1377
1306;1378
1307;1378
1308;1380
1309;1382
1310;1382
1311;1383
1312;1383
1313;1386
1314;1388
1315;1388
1316;1388
1317;1392
1318;1392
1319;1394
1320;1394
1321;1396
1322;1396
1323;1399
1324;1399
1325;1401
1326;1401
1327;1401
1328;1401
1329;1401
1330;1402
1331;1403
1332;1405
1333;1405
1334;1405
1335;1407
1336;1410
1337;1410
1338;1410
1339;1412
1340;1414
1341;1414
1342;1414
1343;1415
1344;1417
1345;1419
1346;1420
1347;1421
1348;1421
1349;1424
1350;1424
1351;1424
1352;1425
1353;1426
1354;1427
1355;1428
1356;1428
1357;1429
1358;1430
1359;1431
1360;1434
1361;1434
1362;1436
1363;1437
1364;1437
1365;1437
1366;1443
1367;1443
1368;1444
1369;1444
1370;1444
1371;1446
1372;1447
1373;1449
1374;1449
1375;1457
1376;1457
1377;1457
1378;1457
1379;1457
1380;1458
1381;1459
1382;1460
1383;1460
1384;1461
1385;1461
1386;1461
1387;1462
1388;1462
1389;1464
1390;1466
1391;1466
1392;1467
1393;1468
1394;1468
1395;1472
1396;1472
1397;1472
1398;1473
1399;1473
1400;1474
1401;1474
1402;1475
1403;1477
1404;1477
1405;1477
1406;1477
1407;1481
1408;1482
1409;1482
1410;1483
1411;1485
1412;1485
1413;1485
1414;1485
1415;1487
1416;1488
1417;1488
1418;1488
1419;1489
1420;1490
1421;1490
1422;1492
1423;1492
1424;1493
1425;1496
1426;1497
1427;1497
1428;1497
1429;1499
1430;1499
1431;1501
1432;1502
1433;1503
1434;1504
1435;1505
1436;1507
1437;1513
1438;1513
1439;1514
1440;1514
1441;1514
1442;1517
1443;1517
1444;1517
1445;1518
1446;1519
1447;1519
1448;1519
1449;1519
1450;1521
1451;1521
1452;1522
1453;1522
1454;1524
1455;1524
1456;1524
1457;1527
1458;1528
1459;1528
1460;1529
1461;1534
1462;1534
1463;1534
1464;1536
1465;1536
1466;1537
1467;1538
1468;1539
1469;1539
1470;1540
1471;1541
1472;1542
1473;1544
1474;1546
1475;1548
1476;1548
1477;1549
1478;1550
1479;1553
1480;1553
1481;1555
1482;1555
1483;1558
1484;1558
1485;1560
1486;1560
1487;1560
1488;1562
1489;1563
1490;1563
1491;1563
1492;1563
1493;1565
1494;1566
1495;1566
1496;1568
1497;1570
1498;1571
1499;1571
1500;1573
1501;1573
1502;1573
1503;1576
1504;1576
1505;1576
1506;1576
1507;1578
1508;1578
1509;1581
1510;1581
1511;1581
1512;1584
1513;1585
1514;1585
1515;1585
1516;1587
1517;1589
1518;1589
1519;1594
1520;1594
1521;1594
1522;1596
1523;1599
1524;1599
1525;1599
1526;1599
1527;1599
1528;1601
1529;1606
1530;1606
1531;1607
1532;1607
1533;1609
1534;1612
1535;1612
1536;1612
1537;1614
1538;1614
1539;1616
1540;1616
1541;1616
1542;1617
1543;1617
1544;1617
1545;1619
1546;1625
1547;1625
1548;1626
1549;1626
1550;1628
1551;1629
1552;1629
1553;1629
1554;1631
1555;1631
1556;1631
1557;1632
1558;1633
1559;1633
1560;1636
1561;1639
1562;1639
1563;1641
1564;1641
1565;1642
1566;1642
1567;1643
1568;1643
1569;1644
1570;1644
1571;1648
1572;1648
1573;1648
1574;1649
1575;1651
1576;1651
1577;1651
1578;1653
1579;1653
1580;1653
1581;1653
1582;1654
1583;1654
1584;1655
1585;1656
1586;1656
1587;1658
1588;1658
1589;1660
1590;1662
1591;1663
1592;1663
1593;1664
1594;1665
1595;1665
1596;1665
1597;1665
1598;1667
1599;1671
1600;1672
1601;1673
1602;1675
1603;1676
1604;1676
1605;1676
1606;1677
1607;1679
1608;1680
1609;1680
1610;1681
1611;1683
1612;1683
1613;1685
1614;1685
1615;1686
1616;1686
1617;1687
1618;1687
1619;1690
1620;1692
1621;1692
1622;1692
1623;1695
1624;1696
1625;1696
1626;1696
1627;1698
1628;1698
1629;1700
1630;1700
1631;1703
1632;1703
1633;1704
1634;1704
1635;1705
1636;1706
1637;1707
1638;1708
1639;1710
1640;1710
1641;1713
1642;1713
1643;1714
1644;1715
1645;1716
1646;1717
1647;1718
1648;1719
1649;1719
1650;1720
1651;1724
1652;1724
1653;1725
1654;1727
1655;1728
1656;1730
1657;1731
1658;1733
1659;1737
1660;1737
1661;1739
1662;1739
1663;1742
1664;1742
1665;1742
1666;1743
1667;1743
1668;1744
1669;1744
1670;1745
1671;1745
1672;1746
1673;1747
1674;1748
1675;1750
1676;1750
1677;1750
1678;1750
1679;1750
1680;1751
1681;1752
1682;1753
1683;1755
1684;1756
1685;1758
1686;1758
1687;1758
1688;1759
1689;1760
1690;1762
1691;1764
1692;1764
1693;1767
1694;1767
1695;1768
1696;1768
1697;1769
1698;1770
1699;1770
1700;1772
1701;1772
1702;1772
1703;1774
1704;1774
1705;1776
1706;1776
1707;1777
1708;1778
1709;1780
1710;1780
1711;1783
1712;1783
1713;1784
1714;1788
1715;1788
1716;1788
1717;1790
1718;1790
1719;1791
1720;1792
1721;1792
1722;1793
1723;1795
1724;1795
1725;1799
1726;1799
1727;1799
1728;1800
1729;1800
1730;1801
1731;1805
1732;1805
1733;1806
1734;1806
1735;1808
1736;1808
1737;1810
1738;1810
1739;1810
1740;1811
1741;1813
1742;1814
1743;1815
1744;1816
1745;1818
1746;1820
1747;1820
1748;1822
1749;1822
1750;1822
1751;1825
1752;1825
1753;1828
1754;1828
1755;1828
1756;1829
1757;1829
1758;1830
1759;1830
1760;1833
1761;1834
1762;1834
1763;1835
1764;1835
1765;1839
1766;1839
1767;1841
1768;1842
1769;1845
1770;1846
1771;1847
1772;1847
1773;1847
1774;1849
1775;1849
1776;1850
1777;1850
1778;1852
1779;1852
1780;1853
1781;1856
1782;1856
1783;1856
1784;1857
1785;1860
1786;1860
1787;1863
1788;1863
1789;1863
1790;1864
1791;1864
1792;1865
1793;1865
1794;1865
1795;1867
1796;1867
1797;1868
1798;1869
1799;1869
1800;1871
1801;1873
1802;1879
1803;1879
1804;1879
1805;1879
1806;1879
1807;1879
1808;1881
1809;1882
1810;1882
1811;1884
1812;1885
1813;1886
1814;1887
1815;1889
1816;1889
1817;1890
1818;1891
1819;1892
1820;1892
1821;1895
1822;1895
1823;1896
1824;1897
1825;1898
1826;1902
1827;1902
1828;1903
1829;1906
1830;1906
1831;1906
1832;1907
1833;1907
1834;1907
1835;1908
1836;1910
1837;1910
1838;1910
1839;1912
1840;1912
1841;1912
1842;1914
1843;1914
1844;1917
1845;1917
1846;1917
1847;1919
1848;1919
1849;1921
1850;1923
1851;1923
1852;1924
1853;1925
1854;1926
1855;1927
1856;1927
1857;1930
1858;1930
1859;1931
1860;1931
1861;1931
1862;1933
1863;1934
1864;1935
1865;1937
1866;1937
1867;1937
1868;1938
1869;1940
1870;1941
1871;1942
1872;1942
1873;1944
1874;1944
1875;1945
1876;1949
1877;1949
1878;1950
1879;1951
1880;1951
1881;1953
1882;1953
1883;1954
1884;1956
1885;1956
1886;1956
1887;1957
1888;1959
1889;1959
1890;1962
1891;1962
1892;1963
1893;1963
1894;1963
1895;1964
1896;1966
1897;1967
1898;1967
1899;1970
1900;1970
1901;1971
1902;1973
1903;1973
1904;1974
1905;1974
1906;1976
1907;1978
1908;1979
1909;1980
1910;1980
1911;1982
1912;1984
1913;1984
1914;1986
1915;1986
1916;1989
1917;1989
1918;1990
1919;1993
1920;1994
1921;1996
1922;1996
1923;1996
1924;1997
1925;1997
1926;2000
1927;2003
1928;2003
1929;2004
1930;2004
1931;2004
1932;2008
1933;2008
1934;2010
1935;2010
1936;2010
1937;2012
1938;2014
1939;2016
1940;2016
1941;2016
1942;2016
1943;2019
1944;2019
1945;2023
1946;2023
1947;2023
1948;2024
1949;2024
1950;2025
1951;2027
1952;2029
1953;2029
1954;2031
1955;2031
1956;2033
1957;2033
1958;2034
1959;2037
1960;2037
1961;2038
1962;2038
1963;2039
1964;2039
1965;2041
1966;2045
1967;2045
1968;2046
1969;2046
1970;2046
1971;2046
1972;2047
1973;2049
1974;2049
1975;2051
1976;2051
1977;2054
1978;2056
1979;2056
1980;2056
1981;2056
1982;2056
1983;2059
1984;2059
1985;2059
1986;2059
1987;2061
1988;2062
1989;2062
1990;2063
1991;2063
1992;2063
1993;2064
1994;2064
1995;2067
1996;2067
1997;2068
1998;2071
1999;2071
2000;2071
2001;2075
2002;2075
2003;2077
2004;2077
2005;2078
2006;2081
2007;2081
2008;2081
2009;2083
2010;2083
2011;2085
2012;2085
2013;2085
2014;2086
2015;2086
2016;2088
2017;2088
2018;2090
2019;2090
2020;2093
2021;2093
2022;2094
2023;2097
2024;2097
2025;2097
2026;2097
2027;2099
2028;2103
2029;2103
2030;2103
2031;2104
2032;2104
2033;2106
2034;2106
2035;2109
2036;2109
2037;2109
2038;2110
2039;2112
2040;2112
2041;2112
2042;2112
2043;2113
2044;2113
2045;2115
2046;2115
2047;2117
2048;2119
2049;2119
2050;2121
2051;2123
2052;2126
2053;2128
2054;2128
2055;2130
2056;2130
2057;2131
2058;2131
2059;2132
2060;2134
2061;2134
2062;2134
2063;2134
2064;2136
2065;2138
2066;2138
2067;2139
2068;2141
2069;2141
2070;2141
2071;2145
2072;2145
2073;2145
2074;2148
2075;2149
2076;2149
2077;2150
2078;2152
2079;2152
2080;2152
2081;2152
2082;2153
2083;2155
2084;2155
2085;2155
2086;2156
2087;2156
2088;2157
2089;2159
2090;2159
2091;2160
2092;2161
2093;2163
2094;2164
2095;2166
2096;2167
2097;2168
2098;2169
2099;2169
2100;2171
2101;2174
2102;2174
2103;2174
2104;2177
2105;2177
2106;2177
2107;2179
2108;2180
2109;2181
2110;2181
2111;2183
2112;2183
2113;2186
2114;2187
2115;2188
2116;2188
2117;2190
2118;2190
2119;2190
2120;2192
2121;2194
2122;2196
2123;2196
2124;2199
2125;2199
2126;2202
2127;2202
2128;2202
2129;2205
2130;2205
2131;2205
2132;2206
2133;2206
2134;2207
2135;2207
2136;2210
2137;2211
2138;2212
2139;2212
2140;2213
2141;2213
2142;2217
2143;2217
2144;2217
2145;2217
2146;2218
2147;2219
2148;2219
2149;2221
2150;2221
2151;2222
2152;2224
2153;2226
2154;2226
2155;2226
2156;2229
2157;2229
2158;2230
2159;2230
2160;2231
2161;2232
2162;2232
2163;2234
2164;2236
2165;2236
2166;2238
2167;2238
2168;2239
2169;2240
2170;2242
2171;2242
2172;2244
2173;2246
2174;2246
2175;2248
2176;2248
2177;2250
2178;2250
2179;2252
2180;2252
2181;2252
2182;2254
2183;2257
2184;2257
2185;2258
2186;2260
2187;2260
2188;2260
2189;2261
2190;2261
2191;2261
2192;2263
2193;2263
2194;2268
2195;2268
2196;2269
2197;2269
2198;2271
2199;2271
2200;2271
2201;2273
2202;2273
2203;2276
2204;2276
2205;2277
2206;2279
2207;2279
2208;2280
2209;2281
2210;2283
2211;2283
2212;2284
2213;2284
2214;2286
2215;2287
2216;2287
2217;2288
2218;2288
2219;2290
2220;2290
2221;2291
2222;2293
2223;2294
2224;2296
2225;2298
2226;2298
2227;2298
2228;2299
2229;2301
2230;2304
2231;2304
2232;2306
2233;2306
2234;2306
2235;2307
2236;2307
2237;2309
2238;2309
2239;2309
2240;2310
2241;2311
2242;2311
2243;2311
2244;2311
2245;2313
2246;2314
2247;2316
2248;2317
2249;2319
2250;2319
2251;2321
2252;2322
2253;2324
2254;2324
2255;2324
2256;2326
2257;2326
2258;2327
2259;2330
2260;2332
2261;2334
2262;2335
2263;2335
2264;2335
2265;2336
2266;2338
2267;2339
2268;2340
2269;2340
2270;2342
2271;2344
2272;2344
2273;2346
2274;2347
2275;2347
2276;2349
2277;2350
2278;2350
2279;2354
2280;2355
2281;2355
2282;2358
2283;2358
2284;2361
2285;2361
2286;2361
2287;2362
2288;2362
2289;2362
2290;2363
2291;2364
2292;2364
2293;2366
2294;2366
2295;2369
2296;2369
2297;2369
2298;2370
2299;2372
2300;2374
2301;2376
2302;2376
2303;2376
2304;2376
2305;2377
2306;2379
2307;2380
2308;2380
2309;2380
2310;2380
2311;2381
2312;2383
2313;2383
2314;2385
2315;2385
2316;2386
2317;2388
2318;2388
2319;2390
2320;2391
2321;2391
2322;2394
2323;2394
2324;2398
2325;2398
2326;2398
2327;2401
2328;2401
2329;2401
2330;2402
2331;2402
2332;2403
2333;2404
2334;2405
2335;2406
2336;2406
2337;2409
2338;2410
2339;2411
2340;2411
2341;2413
2342;2414
2343;2415
2344;2416
2345;2416
2346;2419
2347;2421
2348;2422
2349;2422
2350;2425
2351;2425
2352;2425
2353;2425
2354;2428
2355;2428
2356;2430
2357;2430
2358;2430
2359;2431
2360;2432
2361;2434
2362;2434
2363;2437
2364;2437
2365;2437
2366;2438
2367;2439
2368;2439
2369;2441
2370;2441
2371;2443
2372;2443
2373;2446
2374;2447
2375;2447
2376;2448
2377;2449
2378;2449
2379;2449
2380;2452
2381;2452
2382;2453
2383;2454
2384;2456
2385;2457
2386;2459
2387;2459
2388;2459
2389;2462
2390;2462
2391;2463
2392;2463
2393;2464
2394;2466
2395;2466
2396;2468
2397;2468
2398;2472
2399;2472
2400;2472
2401;2473
2402;2473
2403;2473
2404;2475
2405;2475
2406;2478
2407;2480
2408;2480
2409;2483
2410;2483
2411;2483
2412;2483
2413;2485
2414;2485
2415;2485
2416;2486
2417;2486
2418;2487
2419;2490
2420;2491
2421;2492
2422;2492
2423;2493
2424;2496
2425;2496
2426;2498
2427;2498
2428;2500
2429;2501
2430;2502
2431;2504
2432;2504
2433;2505
2434;2505
2435;2507
2436;2507
2437;2507
2438;2510
2439;2510
2440;2510
2441;2511
2442;2511
2443;2514
2444;2514
2445;2516
2446;2518
2447;2518
2448;2518
2449;2518
2450;2520
2451;2523
2452;2524
2453;2524
2454;2528
2455;2529
2456;2529
2457;2529
2458;2530
2459;2530
2460;2530
2461;2535
2462;2535
2463;2536
2464;2536
2465;2537
2466;2537
2467;2539
2468;2539
2469;2541
2470;2541
2471;2543
2472;2543
2473;2545
2474;2546
2475;2546
2476;2546
2477;2549
2478;2553
2479;2553
2480;2555
2481;2555
2482;2555
2483;2556
2484;2557
2485;2559
2486;2559
2487;2559
2488;2561
2489;2561
2490;2563
2491;2565
2492;2566
2493;2566
2494;2566
2495;2568
2496;2568
2497;2571
2498;2571
2499;2574
2500;2574
2501;2574
2502;2574
2503;2574
2504;2574
2505;2575
2506;2576
2507;2577
2508;2579
2509;2581
2510;2581
2511;2581
2512;2581
2513;2581
2514;2583
2515;2586
2516;2586
2517;2588
2518;2592
2519;2592
2520;2592
2521;2594
2522;2595
2523;2595
2524;2595
2525;2597
2526;2597
2527;2597
2528;2599
2529;2600
2530;2600
2531;2601
2532;2601
2533;2607
2534;2607
2535;2607
2536;2608
2537;2608
2538;2609
2539;2611
2540;2612
2541;2612
2542;2614
2543;2614
2544;2614
2545;2614
2546;2616
2547;2618
2548;2618
2549;2618
2550;2620
2551;2620
2552;2622
2553;2624
2554;2624
2555;2625
2556;2625
2557;2626
2558;2627
2559;2629
2560;2631
2561;2635
2562;2635
2563;2635
2564;2639
2565;2639
2566;2639
2567;2639
2568;2640
2569;2640
2570;2642
2571;2642
2572;2643
2573;2643
2574;2644
2575;2646
2576;2646
2577;2648
2578;2650
2579;2650
2580;2652
2581;2654
2582;2655
2583;2655
2584;2656
2585;2656
2586;2658
2587;2658
2588;2659
2589;2659
2590;2659
2591;2661
2592;2661
2593;2663
2594;2665
2595;2666
2596;2666
2597;2669
2598;2671
2599;2671
2600;2671
2601;2672
2602;2674
2603;2674
2604;2675
2605;2675
2606;2676
2607;2679
2608;2680
2609;2684
2610;2684
2611;2684
2612;2685
2613;2688
2614;2688
2615;2689
2616;2691
2617;2691
2618;2692
2619;2692
2620;2694
2621;2695
2622;2695
2623;2695
2624;2695
2625;2695
2626;2697
2627;2699
2628;2701
2629;2701
2630;2703
2631;2704
2632;2705
2633;2705
2634;2705
2635;2705
2636;2705
2637;2706
2638;2708
2639;2711
2640;2712
2641;2712
2642;2712
2643;2714
2644;2716
2645;2716
2646;2718
2647;2718
2648;2718
2649;2719
2650;2719
2651;2721
2652;2721
2653;2723
2654;2724
2655;2724
2656;2727
2657;2728
2658;2728
2659;2728
2660;2729
2661;2730
2662;2731
2663;2731
2664;2734
2665;2735
2666;2735
2667;2737
2668;2737
2669;2738
2670;2738
2671;2738
2672;2740
2673;2742
2674;2742
2675;2742
2676;2743
2677;2743
2678;2745
2679;2746
2680;2749
2681;2749
2682;2750
2683;2750
2684;2753
2685;2754
2686;2755
2687;2756
2688;2758
2689;2759
2690;2759
2691;2761
2692;2761
2693;2763
2694;2763
2695;2763
2696;2765
2697;2767
2698;2767
2699;2769
2700;2771
2701;2771
2702;2772
2703;2772
2704;2772
2705;2772
2706;2774
2707;2775
2708;2777
2709;2777
2710;2778
2711;2780
2712;2780
2713;2782
2714;2783
2715;2786
2716;2787
2717;2787
2718;2789
2719;2789
2720;2789
2721;2791
2722;2792
2723;2792
2724;2793
2725;2797
2726;2797
2727;2797
2728;2797
2729;2798
2730;2802
2731;2802
2732;2804
2733;2804
2734;2804
2735;2806
2736;2807
2737;2809
2738;2809
2739;2810
2740;2811
2741;2813
2742;2814
2743;2816
2744;2816
2745;2816
2746;2819
2747;2819
2748;2821
2749;2822
2750;2824
2751;2824
2752;2827
2753;2827
2754;2828
2755;2828
2756;2830
2757;2833
2758;2833
2759;2833
2760;2837
2761;2837
2762;2838
2763;2839
2764;2839
2765;2839
2766;2839
2767;2840
2768;2841
2769;2843
2770;2843
2771;2844
2772;2845
2773;2845
2774;2847
2775;2847
2776;2847
2777;2849
2778;2849
2779;2850
2780;2855
2781;2855
2782;2855
2783;2856
2784;2856
2785;2856
2786;2857
2787;2859
2788;2859
2789;2860
2790;2860
2791;2863
2792;2864
2793;2864
2794;2865
2795;2866
2796;2868
2797;2868
2798;2870
2799;2871
2800;2873
2801;2875
2802;2875
2803;2875
2804;2876
2805;2876
2806;2878
2807;2879
2808;2879
2809;2881
2810;2883
2811;2883
2812;2886
2813;2886
2814;2887
2815;2888
2816;2892
2817;2893
2818;2894
2819;2894
2820;2897
2821;2897
2822;2897
2823;2899
2824;2899
2825;2899
2826;2901
2827;2905
2828;2905
2829;2907
2830;2907
2831;2907
2832;2907
2833;2908
2834;2908
2835;2908
2836;2909
2837;2909
2838;2913
2839;2915
2840;2915
2841;2915
2842;2915
2843;2916
2844;2918
2845;2918
2846;2920
2847;2920
2848;2921
2849;2922
2850;2922
2851;2923
2852;2925
2853;2925
2854;2928
2855;2929
2856;2931
2857;2931
2858;2931
2859;2932
2860;2932
2861;2934
2862;2934
2863;2936
2864;2936
2865;2937
2866;2937
2867;2938
2868;2941
2869;2941
2870;2945
2871;2945
2872;2947
2873;2947
2874;2949
2875;2949
2876;2949
2877;2949
2878;2951
2879;2953
2880;2953
2881;2955
2882;2955
2883;2956
2884;2956
2885;2958
2886;2958
2887;2959
2888;2962
2889;2963
2890;2963
2891;2965
2892;2965
2893;2967
2894;2969
2895;2969
2896;2969
2897;2971
2898;2971
2899;2971
2900;2971
2901;2974
2902;2975
2903;2980
2904;2980
2905;2980
2906;2981
2907;2981
2908;2981
2909;2983
2910;2987
2911;2987
2912;2988
2913;2989
2914;2990
2915;2990
2916;2991
2917;2991
2918;2993
2919;2993
2920;2995
2921;2995
2922;2997
2923;2999
2924;2999
2925;2999
2926;3001
2927;3001
2928;3003
2929;3004
2930;3006
2931;3006
2932;3006
2933;3007
2934;3009
2935;3010
2936;3010
2937;3013
2938;3013
2939;3013
2940;3014
2941;3017
2942;3017
2943;3020
2944;3022
2945;3022
2946;3022
2947;3024
2948;3028
2949;3028
2950;3029
2951;3029
2952;3029
2953;3031
2954;3031
2955;3033
2956;3033
2957;3033
2958;3035
2959;3038
2960;3038
2961;3038
2962;3038
2963;3041
2964;3041
2965;3042
2966;3043
2967;3043
2968;3043
2969;3043
2970;3044
2971;3047
2972;3047
2973;3047
2974;3049
2975;3049
2976;3052
2977;3052
2978;3052
2979;3053
2980;3053
2981;3053
2982;3054
2983;3055
2984;3055
2985;3056
2986;3058
2987;3059
2988;3062
2989;3062
2990;3063
2991;3063
2992;3065
2993;3065
2994;3067
2995;3068
2996;3068
2997;3068
2998;3070
2999;3070
3000;3070
3001;3071
3002;3074
3003;3074
3004;3075
3005;3075
3006;3075
3007;3077
3008;3077
3009;3078
3010;3080
3011;3081
3012;3082
3013;3084
3014;3084
3015;3084
3016;3086
3017;3091
3018;3091
3019;3092
3020;3092
3021;3093
3022;3094
3023;3094
3024;3097
3025;3097
3026;3098
3027;3098
3028;3099
3029;3100
3030;3100
3031;3100
3032;3102
3033;3102
3034;3102
3035;3104
3036;3104
3037;3106
3038;3107
3039;3108
3040;3109
3041;3111
3042;3114
3043;3116
3044;3116
3045;3116
3046;3116
3047;3117
3048;3118
3049;3118
3050;3121
3051;3121
3052;3122
3053;3122
3054;3124
3055;3125
3056;3125
3057;3127
3058;3127
3059;3129
3060;3131
3061;3131
3062;3131
3063;3134
3064;3134
3065;3136
3066;3136
3067;3136
3068;3137
3069;3137
3070;3139
3071;3141
3072;3141
3073;3143
3074;3143
3075;3147
3076;3148
3077;3148
3078;3149
3079;3150
3080;3151
3081;3151
3082;3153
3083;3154
3084;3156
3085;3156
3086;3158
3087;3159
3088;3159
3089;3159
3090;3160
3091;3163
3092;3165
3093;3165
3094;3165
3095;3167
3096;3169
3097;3169
3098;3170
3099;3170
3100;3170
3101;3170
3102;3171
3103;3174
3104;3176
3105;3177
3106;3177
3107;3178
3108;3180
3109;3180
3110;3181
3111;3181
3112;3181
3113;3183
3114;3186
3115;3186
3116;3186
3117;3186
3118;3187
3119;3187
3120;3189
3121;3190
3122;3190
3123;3192
3124;3192
3125;3195
3126;3196
3127;3200
3128;3200
3129;3200
3130;3200
3131;3201
3132;3202
3133;3203
3134;3203
3135;3205
3136;3207
3137;3208
3138;3210
3139;3210
3140;3210
3141;3211
3142;3212
3143;3213
3144;3213
3145;3216
3146;3216
3147;3218
3148;3218
3149;3220
3150;3222
3151;3222
3152;3225
3153;3227
3154;3227
3155;3227
3156;3227
3157;3229
3158;3229
3159;3230
3160;3230
3161;3231
3162;3233
3163;3234
3164;3236
3165;3236
3166;3236
3167;3239
3168;3239
3169;3240
3170;3241
3171;3245
3172;3247
3173;3247
3174;3248
3175;3251
3176;3251
3177;3254
3178;3255
3179;3256
3180;3256
3181;3256
3182;3257
3183;3258
3184;3258
3185;3259
3186;3261
3187;3262
3188;3262
3189;3262
3190;3264
3191;3264
3192;3264
3193;3264
3194;3266
3195;3266
3196;3266
3197;3269
3198;3270
3199;3270
3200;3271
3201;3271
3202;3273
3203;3275
3204;3275
3205;3278
3206;3278
3207;3278
3208;3279
3209;3280
3210;3281
3211;3281
3212;3282
3213;3284
3214;3285
3215;3286
3216;3286
3217;3288
3218;3289
3219;3290
3220;3291
3221;3292
3222;3292
3223;3293
3224;3294
3225;3295
3226;3297
3227;3298
3228;3300
3229;3302
3230;3306
3231;3306
3232;3306
3233;3306
3234;3308
3235;3308
3236;3310
3237;3310
3238;3316
3239;3316
3240;3317
3241;3322
3242;3322
3243;3322
3244;3323
3245;3323
3246;3323
3247;3325
3248;3325
3249;3325
3250;3328
3251;3330
3252;3330
3253;3330
3254;3331
3255;3331
3256;3334
3257;3334
3258;3334
3259;3334
3260;3335
3261;3335
3262;3335
3263;3338
3264;3338
3265;3341
3266;3341
3267;3342
3268;3342
3269;3344
3270;3344
3271;3344
3272;3347
3273;3347
3274;3347
3275;3347
3276;3348
3277;3349
3278;3350
3279;3351
3280;3353
3281;3353
3282;3355
3283;3358
3284;3358
3285;3358
3286;3359
3287;3363
3288;3363
3289;3363
3290;3363
3291;3364
3292;3366
3293;3368
3294;3368
3295;3370
3296;3370
3297;3370
3298;3370
3299;3372
3300;3372
3301;3373
3302;3373
3303;3374
3304;3374
3305;3378
3306;3378
3307;3378
3308;3380
3309;3380
3310;3380
3311;3382
3312;3383
3313;3384
3314;3384
3315;3384
3316;3386
3317;3388
3318;3390
3319;3390
3320;3393
3321;3394
3322;3395
3323;3395
3324;3395
3325;3397
3326;3397
3327;3398
3328;3401
3329;3401
3330;3403
3331;3404
3332;3405
3333;3405
3334;3407
3335;3407
3336;3407
3337;3410
3338;3410
3339;3413
3340;3413
3341;3415
3342;3416
3343;3416
3344;3417
3345;3417
3346;3417
3347;3420
3348;3421
3349;3421
3350;3423
3351;3424
3352;3424
3353;3425
3354;3425
3355;3428
3356;3428
3357;3429
3358;3431
3359;3431
3360;3432
3361;3435
3362;3435
3363;3436
3364;3436
3365;3437
3366;3438
3367;3441
3368;3441
3369;3443
3370;3443
3371;3445
3372;3445
3373;3446
3374;3448
3375;3448
3376;3448
3377;3450
3378;3451
3379;3451
3380;3454
3381;3454
3382;3456
3383;3457
3384;3458
3385;3458
3386;3458
3387;3459
3388;3459
3389;3460
3390;3461
3391;3461
3392;3464
3393;3465
3394;3465
3395;3466
3396;3468
3397;3468
3398;3469
3399;3472
3400;3472
3401;3472
3402;3472
3403;3475
3404;3475
3405;3475
3406;3475
3407;3476
3408;3476
3409;3477
3410;3477
3411;3479
3412;3479
3413;3484
3414;3484
3415;3484
3416;3486
3417;3486
3418;3488
3419;3488
3420;3490
3421;3494
3422;3494
3423;3494
3424;3496
3425;3496
3426;3497
3427;3497
3428;3499
3429;3499
3430;3502
3431;3505
3432;3508
3433;3508
3434;3508
3435;3510
3436;3513
3437;3513
3438;3515
3439;3515
3440;3515
3441;3518
3442;3518
3443;3519
3444;3519
3445;3519
3446;3519
3447;3519
3448;3519
3449;3520
3450;3520
3451;3521
3452;3521
3453;3524
3454;3524
3455;3527
3456;3527
3457;3528
3458;3529
3459;3534
3460;3535
3461;3535
3462;3537
3463;3539
3464;3539
3465;3541
3466;3541
3467;3543
3468;3543
3469;3545
3470;3545
3471;3545
3472;3545
3473;3545
3474;3545
3475;3545
3476;3545
3477;3549
3478;3549
3479;3549
3480;3550
3481;3553
3482;3553
3483;3555
3484;3555
3485;3555
3486;3556
3487;3558
3488;3559
3489;3559
3490;3560
3491;3561
3492;3563
3493;3567
3494;3567
3495;3567
3496;3567
3497;3568
3498;3570
3499;3570
3500;3570
3501;3571
3502;3573
3503;3574
3504;3576
3505;3576
3506;3577
3507;3578
3508;3579
3509;3582
3510;3582
3511;3584
3512;3584
3513;3584
3514;3586
3515;3586
3516;3587
3517;3591
3518;3591
3519;3593
3520;3594
3521;3594
3522;3595
3523;3595
3524;3596
3525;3597
3526;3598
3527;3599
3528;3601
3529;3601
3530;3602
3531;3602
3532;3604
3533;3605
3534;3605
3535;3607
3536;3608
3537;3609
3538;3611
3539;3611
3540;3612
3541;3612
3542;3612
3543;3614
3544;3614
3545;3615
3546;3619
3547;3619
3548;3620
3549;3621
3550;3621
3551;3623
3552;3623
3553;3626
3554;3626
3555;3626
3556;3626
3557;3626
3558;3627
3559;3628
3560;3629
3561;3630
3562;3631
3563;3631
3564;3633
3565;3635
3566;3635
3567;3636
3568;3636
3569;3637
3570;3639
3571;3640
3572;3642
3573;3642
3574;3644
3575;3644
3576;3645
3577;3645
3578;3647
3579;3647
3580;3650
3581;3651
3582;3651
3583;3653
3584;3654
3585;3655
3586;3657
3587;3657
3588;3658
3589;3660
3590;3660
3591;3662
3592;3663
3593;3663
3594;3666
3595;3666
3596;3669
3597;3669
3598;3669
3599;3671
3600;3671
3601;3673
3602;3673
3603;3675
3604;3676
3605;3677
3606;3677
3607;3680
3608;3680
3609;3680
3610;3682
3611;3685
3612;3685
3613;3685
3614;3685
3615;3686
3616;3688
3617;3688
3618;3689
3619;3691
3620;3692
3621;3692
3622;3696
3623;3696
3624;3696
3625;3698
3626;3701
3627;3703
3628;3707
3629;3707
3630;3707
3631;3707
3632;3707
3633;3707
3634;3707
3635;3708
3636;3709
3637;3709
3638;3711
3639;3712
3640;3715
3641;3715
3642;3716
3643;3717
3644;3719
3645;3719
3646;3721
3647;3721
3648;3723
3649;3723
3650;3724
3651;3724
3652;3725
3653;3725
3654;3727
3655;3727
3656;3729
3657;3730
3658;3730
3659;3734
3660;3734
3661;3735
3662;3735
3663;3738
3664;3740
3665;3741
3666;3741
3667;3743
3668;3743
3669;3745
3670;3745
3671;3745
3672;3747
3673;3747
3674;3747
3675;3747
3676;3748
3677;3749
3678;3750
3679;3752
3680;3752
3681;3754
3682;3754
3683;3759
3684;3759
3685;3760
3686;3760
3687;3760
3688;3760
3689;3762
3690;3764
3691;3764
3692;3764
3693;3767
3694;3769
3695;3769
3696;3769
3697;3769
3698;3769
3699;3772
3700;3772
3701;3774
3702;3774
3703;3775
3704;3776
3705;3779
3706;3779
3707;3780
3708;3780
3709;3780
3710;3782
3711;3783
3712;3783
3713;3783
3714;3785
3715;3786
3716;3787
3717;3788
3718;3788
3719;3793
3720;3793
3721;3793
3722;3795
3723;3795
3724;3795
3725;3796
3726;3801
3727;3801
3728;3801
3729;3801
3730;3802
3731;3802
3732;3804
3733;3806
3734;3806
3735;3806
3736;3807
3737;3808
3738;3808
3739;3809
3740;3811
3741;3813
3742;3818
3743;3818
3744;3820
3745;3820
3746;3821
3747;3824
3748;3824
3749;3824
3750;3826
3751;3827
3752;3827
3753;3827
3754;3831
3755;3831
3756;3832
3757;3832
3758;3832
3759;3834
3760;3834
3761;3834
3762;3836
3763;3836
3764;3839
3765;3839
3766;3841
3767;3844
3768;3844
3769;3844
3770;3844
3771;3844
3772;3846
3773;3846
3774;3848
3775;3849
3776;3849
3777;3850
3778;3851
3779;3851
3780;3852
3781;3852
3782;3854
3783;3855
3784;3855
3785;3857
3786;3857
3787;3859
3788;3859
3789;3860
3790;3861
3791;3861
3792;3863
3793;3863
3794;3863
3795;3864
3796;3865
3797;3865
3798;3868
3799;3870
3800;3870
3801;3870
3802;3873
3803;3873
3804;3875
3805;3878
3806;3880
3807;3881
3808;3881
3809;3881
3810;3882
3811;3884
3812;3885
3813;3885
3814;3886
3815;3886
3816;3888
3817;3889
3818;3889
3819;3890
3820;3894
3821;3894
3822;3894
3823;3896
3824;3896
3825;3899
3826;3900
3827;3900
3828;3900
3829;3901
3830;3902
3831;3904
3832;3904
3833;3904
3834;3904
3835;3907
3836;3907
3837;3909
3838;3910
3839;3910
3840;3912
3841;3912
3842;3914
3843;3915
3844;3915
3845;3916
3846;3917
3847;3918
3848;3920
3849;3920
3850;3921
3851;3922
3852;3923
3853;3925
3854;3925
3855;3925
3856;3927
3857;3927
3858;3930
3859;3933
3860;3933
3861;3933
3862;3935
3863;3935
3864;3938
3865;3938
3866;3941
3867;3941
3868;3941
3869;3942
3870;3944
3871;3944
3872;3945
3873;3947
3874;3947
3875;3947
3876;3948
3877;3948
3878;3950
3879;3951
3880;3953
3881;3953
3882;3954
3883;3956
3884;3957
3885;3959
3886;3960
3887;3960
3888;3964
3889;3964
3890;3964
3891;3964
3892;3965
3893;3968
3894;3968
3895;3968
3896;3968
3897;3970
3898;3970
3899;3970
3900;3972
3901;3972
3902;3975
3903;3976
3904;3978
3905;3979
3906;3979
3907;3980
3908;3980
3909;3980
3910;3982
3911;3982
3912;3983
3913;3984
3914;3984
3915;3984
3916;3986
3917;3990
3918;3990
3919;3990
3920;3991
3921;3991
3922;3992
3923;3992
3924;3994
3925;3995
3926;3996
3927;3997
3928;4000
3929;4000
