0;71
1;73
2;76
3;76
4;77
5;77
6;77
7;81
8;83
9;83
10;85
11;86
12;86
13;89
14;89
15;89
16;90
17;90
18;91
19;91
20;92
21;93
22;94
23;96
24;96
25;96
26;97
27;98
28;99
29;99
30;100
31;101
32;103
33;107
34;107
35;107
36;107
37;111
38;112
39;112
40;112
41;113
42;115
43;115
44;117
45;117
46;118
47;118
48;119
49;121
50;121
51;123
52;124
53;124
54;124
55;127
56;127
57;128
58;129
59;130
60;131
61;133
62;135
63;136
64;138
65;138
66;140
67;140
68;141
69;141
70;141
71;141
72;142
73;145
74;145
75;145
76;147
77;147
78;149
79;150
80;150
81;152
82;152
83;154
84;157
85;157
86;158
87;158
88;160
89;161
90;161
91;161
92;161
93;163
94;163
95;163
96;164
97;167
98;168
99;168
100;168
101;172
102;175
103;175
104;175
105;175
106;176
107;178
108;183
109;183
110;184
111;185
112;185
113;186
114;186
115;186
116;188
117;189
118;189
119;189
120;191
121;192
122;192
123;194
124;195
125;195
126;201
127;201
128;203
129;203
130;203
131;205
132;205
133;205
134;207
135;207
136;207
137;211
138;211
139;211
140;212
141;212
142;213
143;217
144;217
145;220
146;221
147;221
148;222
149;224
150;228
151;231
152;231
153;233
154;233
155;233
156;233
157;233
158;233
159;233
160;236
161;236
162;236
163;238
164;238
165;238
166;240
167;241
168;241
169;243
170;249
171;251
172;251
173;251
174;253
175;255
176;255
177;257
178;257
179;257
180;258
181;258
182;258
183;258
184;258
185;258
186;260
187;260
188;260
189;264
190;266
191;266
192;268
193;268
194;271
195;271
196;271
197;272
198;273
199;273
200;277
201;277
202;277
203;279
204;279
205;279
206;281
207;281
208;281
209;283
210;283
211;284
212;284
213;288
214;288
215;288
216;290
217;290
218;292
219;292
220;292
221;293
222;293
223;294
224;294
225;297
226;297
227;298
228;300
229;300
230;301
231;303
232;303
233;303
234;303
235;306
236;306
237;308
238;308
239;310
240;310
241;313
242;313
243;315
244;315
245;317
246;320
247;320
248;325
249;325
250;326
251;328
252;332
253;332
254;332
255;334
256;334
257;334
258;334
259;334
260;335
261;336
262;336
263;338
264;338
265;339
266;339
267;339
268;340
269;340
270;341
271;343
272;344
273;344
274;345
275;347
276;350
277;350
278;350
279;351
280;351
281;352
282;354
283;355
284;355
285;359
286;359
287;360
288;362
289;364
290;364
291;364
292;365
293;366
294;366
295;366
296;366
297;368
298;370
299;373
300;373
301;374
302;376
303;377
304;380
305;380
306;380
307;381
308;381
309;383
310;384
311;384
312;389
313;389
314;389
315;389
316;390
317;390
318;390
319;390
320;392
321;392
322;394
323;395
324;396
325;396
326;400
327;400
328;400
329;400
330;403
331;403
332;403
333;405
334;405
335;406
336;406
337;406
338;408
339;410
340;410
341;410
342;414
343;414
344;416
345;416
346;418
347;418
348;418
349;420
350;420
351;420
352;422
353;423
354;424
355;426
356;426
357;427
358;429
359;433
360;433
361;435
362;435
363;436
364;436
365;439
366;440
367;440
368;443
369;443
370;443
371;446
372;446
373;446
374;448
375;448
376;451
377;451
378;453
379;453
380;454
381;456
382;456
383;457
384;459
385;459
386;459
387;459
388;460
389;461
390;463
391;464
392;465
393;467
394;470
395;470
396;472
397;475
398;475
399;475
400;476
401;476
402;478
403;478
404;478
405;479
406;480
407;481
408;481
409;483
410;483
411;483
412;483
413;484
414;485
415;486
416;487
417;490
418;490
419;493
420;496
421;496
422;497
423;497
424;497
425;497
426;500
427;500
428;500
429;501
430;502
431;502
432;504
433;506
434;506
435;506
436;509
437;509
438;509
439;512
440;514
441;514
442;514
443;514
444;516
445;516
446;518
447;518
448;521
449;521
450;521
451;525
452;525
453;525
454;526
455;527
456;528
457;530
458;530
459;531
460;534
461;534
462;534
463;534
464;536
465;537
466;537
467;539
468;541
469;541
470;542
471;542
472;545
473;545
474;547
475;548
476;548
477;549
478;550
479;553
480;553
481;554
482;555
483;555
484;555
485;557
486;559
487;560
488;561
489;564
490;564
491;564
492;564
493;564
494;565
495;568
496;568
497;570
498;570
499;570
500;570
501;574
502;575
503;575
504;579
505;579
506;579
507;580
508;582
509;583
510;583
511;585
512;588
513;588
514;589
515;591
516;591
517;591
518;592
519;593
520;593
521;596
522;596
523;596
524;597
525;597
526;598
527;599
528;601
529;601
530;602
531;602
532;604
533;604
534;605
535;606
536;608
537;611
538;611
539;611
540;613
541;613
542;613
543;613
544;616
545;616
546;616
547;618
548;619
549;620
550;623
551;623
552;623
553;624
554;625
555;627
556;628
557;628
558;629
559;629
560;631
561;631
562;633
563;633
564;636
565;636
566;637
567;638
568;638
569;640
570;642
571;644
572;644
573;648
574;650
575;650
576;650
577;650
578;650
579;653
580;654
581;656
582;658
583;658
584;661
585;661
586;661
587;661
588;661
589;662
590;662
591;663
592;665
593;667
594;667
595;669
596;669
597;671
598;671
599;671
600;672
601;674
602;674
603;676
604;676
605;677
606;677
607;679
608;679
609;681
610;682
611;682
612;684
613;685
614;686
615;686
616;686
617;688
618;689
619;690
620;690
621;691
622;693
623;693
624;695
625;695
626;695
627;697
628;699
629;699
630;700
631;701
632;701
633;703
634;705
635;705
636;706
637;707
638;709
639;709
640;711
641;711
642;714
643;714
644;714
645;718
646;718
647;718
648;718
649;721
650;723
651;723
652;724
653;724
654;724
655;726
656;729
657;729
658;729
659;730
660;731
661;732
662;733
663;734
664;736
665;736
666;737
667;739
668;742
669;742
670;743
671;745
672;746
673;746
674;746
675;750
676;750
677;750
678;751
679;751
680;753
681;754
682;754
683;754
684;754
685;756
686;758
687;758
688;764
689;765
690;765
691;768
692;768
693;770
694;770
695;772
696;772
697;772
698;772
699;772
700;772
701;775
702;775
703;776
704;777
705;777
706;780
707;780
708;781
709;781
710;783
711;783
712;785
713;785
714;791
715;792
716;792
717;792
718;792
719;794
720;794
721;794
722;794
723;795
724;798
725;799
726;799
727;799
728;802
729;803
730;805
731;805
732;805
733;806
734;806
735;807
736;808
737;808
738;810
739;812
740;813
741;814
742;815
743;816
744;816
745;817
746;818
747;818
748;819
749;821
750;821
751;823
752;824
753;824
754;825
755;826
756;826
757;829
758;829
759;831
760;831
761;831
762;835
763;835
764;836
765;838
766;838
767;838
768;841
769;841
770;841
771;842
772;843
773;844
774;844
775;845
776;847
777;848
778;848
779;850
780;852
781;853
782;853
783;856
784;856
785;858
786;858
787;858
788;858
789;859
790;861
791;862
792;863
793;863
794;864
795;866
796;866
797;866
798;868
799;868
800;869
801;871
802;871
803;873
804;873
805;877
806;879
807;879
808;880
809;880
810;880
811;882
812;886
813;886
814;888
815;888
816;888
817;889
818;889
819;889
820;889
821;889
822;894
823;894
824;895
825;896
826;904
827;904
828;904
829;906
830;906
831;908
832;908
833;909
834;909
835;911
836;911
837;916
838;916
839;918
840;919
841;919
842;920
843;920
844;921
845;921
846;921
847;922
848;924
849;924
850;926
851;926
852;927
853;927
854;927
855;927
856;931
857;931
858;931
859;933
860;933
861;935
862;937
863;938
864;939
865;939
866;941
867;942
868;944
869;944
870;944
871;946
872;946
873;946
874;948
875;949
876;951
877;951
878;951
879;953
880;953
881;955
882;955
883;959
884;959
885;959
886;961
887;961
888;963
889;963
890;963
891;965
892;965
893;966
894;969
895;969
896;969
897;970
898;973
899;973
900;975
901;975
902;975
903;975
904;977
905;977
906;979
907;980
908;981
909;982
910;984
911;984
912;986
913;987
914;988
915;990
916;990
917;993
918;994
919;994
920;999
921;999
922;1000
923;1000
924;1000
925;1002
926;1004
927;1004
928;1004
929;1004
930;1008
931;1008
932;1008
933;1008
934;1008
935;1009
936;1009
937;1013
938;1013
939;1013
940;1015
941;1015
942;1016
943;1017
944;1017
945;1020
946;1020
947;1020
948;1022
949;1022
950;1022
951;1022
952;1024
953;1025
954;1025
955;1026
956;1028
957;1032
958;1035
959;1036
960;1038
961;1038
962;1038
963;1039
964;1039
965;1044
966;1046
967;1046
968;1047
969;1047
970;1051
971;1054
972;1054
973;1054
974;1054
975;1055
976;1055
977;1055
978;1055
979;1055
980;1057
981;1060
982;1060
983;1060
984;1061
985;1065
986;1065
987;1065
988;1067
989;1067
990;1067
991;1067
992;1067
993;1068
994;1068
995;1070
996;1070
997;1072
998;1072
999;1075
1000;1075
1001;1077
1002;1077
1003;1077
1004;1077
1005;1078
1006;1079
1007;1081
1008;1081
1009;1083
1010;1083
1011;1084
1012;1084
1013;1084
1014;1086
1015;1088
1016;1088
1017;1089
1018;1090
1019;1090
1020;1092
1021;1092
1022;1093
1023;1093
1024;1095
1025;1095
1026;1099
1027;1099
1028;1099
1029;1100
1030;1101
1031;1103
1032;1103
1033;1104
1034;1104
1035;1108
1036;1111
1037;1111
1038;1112
1039;1112
1040;1112
1041;1112
1042;1112
1043;1113
1044;1113
1045;1114
1046;1116
1047;1117
1048;1119
1049;1119
1050;1120
1051;1120
1052;1123
1053;1126
1054;1126
1055;1127
1056;1127
1057;1129
1058;1131
1059;1131
1060;1133
1061;1134
1062;1134
1063;1134
1064;1135
1065;1137
1066;1137
1067;1137
1068;1139
1069;1141
1070;1141
1071;1141
1072;1144
1073;1144
1074;1147
1075;1149
1076;1150
1077;1150
1078;1150
1079;1152
1080;1152
1081;1154
1082;1157
1083;1157
1084;1157
1085;1159
1086;1160
1087;1160
1088;1162
1089;1162
1090;1163
1091;1164
1092;1164
1093;1166
1094;1167
1095;1167
1096;1168
1097;1168
1098;1170
1099;1170
1100;1172
1101;1174
1102;1176
1103;1176
1104;1177
1105;1178
1106;1183
1107;1183
1108;1183
1109;1184
1110;1185
1111;1185
1112;1185
1113;1187
1114;1187
1115;1189
1116;1189
1117;1191
1118;1191
1119;1193
1120;1193
1121;1195
1122;1195
1123;1196
1124;1199
1125;1199
1126;1202
1127;1204
1128;1204
1129;1205
1130;1205
1131;1207
1132;1207
1133;1208
1134;1208
1135;1210
1136;1210
1137;1210
1138;1210
1139;1210
1140;1212
1141;1212
1142;1213
1143;1215
1144;1219
1145;1219
1146;1219
1147;1219
1148;1221
1149;1221
1150;1221
1151;1222
1152;1222
1153;1223
1154;1224
1155;1225
1156;1227
1157;1228
1158;1231
1159;1231
1160;1232
1161;1234
1162;1234
1163;1235
1164;1238
1165;1240
1166;1240
1167;1240
1168;1240
1169;1241
1170;1244
1171;1244
1172;1244
1173;1246
1174;1246
1175;1246
1176;1248
1177;1248
1178;1248
1179;1250
1180;1250
1181;1251
1182;1251
1183;1253
1184;1254
1185;1254
1186;1257
1187;1259
1188;1260
1189;1261
1190;1262
1191;1262
1192;1263
1193;1265
1194;1265
1195;1267
1196;1267
1197;1269
1198;1269
1199;1269
1200;1273
1201;1273
1202;1273
1203;1274
1204;1274
1205;1275
1206;1275
1207;1275
1208;1277
1209;1277
1210;1279
1211;1281
1212;1281
1213;1284
1214;1284
1215;1285
1216;1287
1217;1291
1218;1291
1219;1291
1220;1292
1221;1292
1222;1292
1223;1293
1224;1294
1225;1295
1226;1295
1227;1296
1228;1298
1229;1300
1230;1300
1231;1301
1232;1301
1233;1302
1234;1305
1235;1307
1236;1307
1237;1307
1238;1309
1239;1310
1240;1310
1241;1312
1242;1313
1243;1314
1244;1314
1245;1314
1246;1315
1247;1317
1248;1318
1249;1320
1250;1321
1251;1321
1252;1323
1253;1323
1254;1325
1255;1326
1256;1330
1257;1330
1258;1330
1259;1332
1260;1333
1261;1333
1262;1334
1263;1336
1264;1336
1265;1337
1266;1337
1267;1340
1268;1340
1269;1341
1270;1341
1271;1341
1272;1344
1273;1346
1274;1348
1275;1348
1276;1348
1277;1350
1278;1350
1279;1350
1280;1352
1281;1353
1282;1353
1283;1354
1284;1356
1285;1356
1286;1358
1287;1361
1288;1361
1289;1361
1290;1361
1291;1364
1292;1365
1293;1365
1294;1365
1295;1365
1296;1366
1297;1370
1298;1370
1299;1370
1300;1371
1301;1372
1302;1372
1303;1374
1304;1375
1305;1375
1306;1377
1307;1378
1308;1379
1309;1381
1310;1381
1311;1382
1312;1383
1313;1386
1314;1386
1315;1387
1316;1388
1317;1388
1318;1390
1319;1391
1320;1391
1321;1393
1322;1396
1323;1396
1324;1397
1325;1397
1326;1397
1327;1399
1328;1400
1329;1402
1330;1402
1331;1405
1332;1405
1333;1406
1334;1408
1335;1408
1336;1409
1337;1409
1338;1410
1339;1412
1340;1416
1341;1416
1342;1416
1343;1416
1344;1417
1345;1417
1346;1419
1347;1420
1348;1420
1349;1422
1350;1422
1351;1423
1352;1425
1353;1425
1354;1425
1355;1426
1356;1429
1357;1431
1358;1431
1359;1431
1360;1432
1361;1433
1362;1433
1363;1436
1364;1436
1365;1436
1366;1437
1367;1439
1368;1439
1369;1440
1370;1441
1371;1443
1372;1443
1373;1443
1374;1447
1375;1447
1376;1447
1377;1448
1378;1448
1379;1450
1380;1452
1381;1452
1382;1453
1383;1455
1384;1455
1385;1456
1386;1457
1387;1457
1388;1458
1389;1459
1390;1460
1391;1460
1392;1461
1393;1461
1394;1462
1395;1466
1396;1466
1397;1470
1398;1470
1399;1471
1400;1471
1401;1471
1402;1473
1403;1475
1404;1475
1405;1479
1406;1479
1407;1479
1408;1480
1409;1482
1410;1482
1411;1482
1412;1483
1413;1485
1414;1485
1415;1486
1416;1486
1417;1487
1418;1487
1419;1491
1420;1494
1421;1494
1422;1494
1423;1494
1424;1494
1425;1495
1426;1497
1427;1497
1428;1497
1429;1497
1430;1497
1431;1500
1432;1503
1433;1506
1434;1506
1435;1507
1436;1507
1437;1510
1438;1510
1439;1512
1440;1512
1441;1512
1442;1513
1443;1513
1444;1516
1445;1516
1446;1516
1447;1517
1448;1517
1449;1521
1450;1522
1451;1522
1452;1522
1453;1523
1454;1523
1455;1525
1456;1525
1457;1526
1458;1528
1459;1529
1460;1532
1461;1532
1462;1532
1463;1533
1464;1534
1465;1539
1466;1540
1467;1540
1468;1542
1469;1542
1470;1543
1471;1543
1472;1543
1473;1544
1474;1544
1475;1545
1476;1545
1477;1549
1478;1553
1479;1553
1480;1553
1481;1555
1482;1556
1483;1558
1484;1558
1485;1558
1486;1560
1487;1560
1488;1562
1489;1562
1490;1564
1491;1566
1492;1567
1493;1567
1494;1567
1495;1567
1496;1572
1497;1574
1498;1574
1499;1579
1500;1579
1501;1579
1502;1579
1503;1579
1504;1581
1505;1581
1506;1583
1507;1585
1508;1585
1509;1585
1510;1587
1511;1590
1512;1590
1513;1592
1514;1592
1515;1592
1516;1592
1517;1592
1518;1593
1519;1593
1520;1594
1521;1594
1522;1596
1523;1596
1524;1596
1525;1596
1526;1598
1527;1598
1528;1600
1529;1601
1530;1601
1531;1604
1532;1605
1533;1606
1534;1606
1535;1607
1536;1610
1537;1610
1538;1612
1539;1612
1540;1614
1541;1614
1542;1615
1543;1616
1544;1616
1545;1616
1546;1618
1547;1619
1548;1619
1549;1620
1550;1620
1551;1622
1552;1623
1553;1624
1554;1624
1555;1624
1556;1626
1557;1631
1558;1631
1559;1631
1560;1633
1561;1634
1562;1635
1563;1635
1564;1637
1565;1637
1566;1639
1567;1639
1568;1639
1569;1640
1570;1641
1571;1644
1572;1646
1573;1648
1574;1648
1575;1648
1576;1648
1577;1651
1578;1651
1579;1652
1580;1652
1581;1654
1582;1656
1583;1656
1584;1658
1585;1661
1586;1661
1587;1661
1588;1663
1589;1663
1590;1664
1591;1664
1592;1665
1593;1666
1594;1666
1595;1666
1596;1668
1597;1668
1598;1670
1599;1673
1600;1674
1601;1674
1602;1674
1603;1675
1604;1675
1605;1677
1606;1678
1607;1679
1608;1681
1609;1681
1610;1683
1611;1684
1612;1686
1613;1686
1614;1686
1615;1688
1616;1688
1617;1688
1618;1689
1619;1690
1620;1692
1621;1692
1622;1692
1623;1695
1624;1695
1625;1697
1626;1697
1627;1700
1628;1701
1629;1702
1630;1702
1631;1703
1632;1705
1633;1705
1634;1706
1635;1706
1636;1708
1637;1710
1638;1712
1639;1713
1640;1713
1641;1715
1642;1715
1643;1717
1644;1717
1645;1719
1646;1719
1647;1721
1648;1721
1649;1722
1650;1723
1651;1723
1652;1724
1653;1725
1654;1729
1655;1729
1656;1730
1657;1731
1658;1732
1659;1734
1660;1736
1661;1736
1662;1736
1663;1739
1664;1740
1665;1743
1666;1743
1667;1745
1668;1745
1669;1745
1670;1747
1671;1747
1672;1748
1673;1748
1674;1748
1675;1748
1676;1750
1677;1752
1678;1752
1679;1753
1680;1755
1681;1755
1682;1755
1683;1755
1684;1758
1685;1758
1686;1760
1687;1761
1688;1761
1689;1762
1690;1763
1691;1764
1692;1768
1693;1768
1694;1768
1695;1769
1696;1769
1697;1770
1698;1772
1699;1772
1700;1774
1701;1776
1702;1776
1703;1777
1704;1777
1705;1777
1706;1781
1707;1781
1708;1781
1709;1781
1710;1781
1711;1781
1712;1782
1713;1785
1714;1785
1715;1787
1716;1787
1717;1789
1718;1790
1719;1791
1720;1791
1721;1793
1722;1794
1723;1796
1724;1796
1725;1798
1726;1800
1727;1800
1728;1800
1729;1801
1730;1802
1731;1802
1732;1804
1733;1805
1734;1805
1735;1805
1736;1807
1737;1807
1738;1809
1739;1809
1740;1810
1741;1811
1742;1811
1743;1811
1744;1814
1745;1814
1746;1815
1747;1816
1748;1817
1749;1819
1750;1821
1751;1821
1752;1822
1753;1823
1754;1825
1755;1825
1756;1825
1757;1825
1758;1827
1759;1827
1760;1827
1761;1831
1762;1831
1763;1832
1764;1833
1765;1833
1766;1833
1767;1836
1768;1839
1769;1839
1770;1839
1771;1841
1772;1841
1773;1845
1774;1847
1775;1847
1776;1848
1777;1849
1778;1850
1779;1850
1780;1851
1781;1851
1782;1853
1783;1853
1784;1853
1785;1854
1786;1854
1787;1856
1788;1856
1789;1859
1790;1860
1791;1860
1792;1862
1793;1862
1794;1866
1795;1866
1796;1866
1797;1868
1798;1868
1799;1869
1800;1870
1801;1872
1802;1874
1803;1877
1804;1877
1805;1878
1806;1878
1807;1878
1808;1879
1809;1880
1810;1882
1811;1883
1812;1883
1813;1884
1814;1886
1815;1887
1816;1887
1817;1889
1818;1889
1819;1890
1820;1891
1821;1892
1822;1894
1823;1896
1824;1897
1825;1900
1826;1900
1827;1903
1828;1903
1829;1903
1830;1904
1831;1904
1832;1905
1833;1906
1834;1909
1835;1912
1836;1912
1837;1912
1838;1912
1839;1912
1840;1914
1841;1915
1842;1915
1843;1915
1844;1917
1845;1919
1846;1921
1847;1921
1848;1921
1849;1922
1850;1924
1851;1929
1852;1929
1853;1930
1854;1930
1855;1930
1856;1934
1857;1934
1858;1934
1859;1937
1860;1937
1861;1937
1862;1938
1863;1938
1864;1938
1865;1938
1866;1938
1867;1939
1868;1941
1869;1945
1870;1945
1871;1945
1872;1947
1873;1947
1874;1947
1875;1949
1876;1949
1877;1951
1878;1951
1879;1951
1880;1952
1881;1954
1882;1954
1883;1954
1884;1955
1885;1957
1886;1957
1887;1959
1888;1962
1889;1962
1890;1962
1891;1964
1892;1964
1893;1964
1894;1964
1895;1965
1896;1965
1897;1967
1898;1968
1899;1971
1900;1972
1901;1972
1902;1972
1903;1974
1904;1975
1905;1977
1906;1977
1907;1978
1908;1979
1909;1983
1910;1983
1911;1984
1912;1985
1913;1986
1914;1988
1915;1990
1916;1990
1917;1990
1918;1993
1919;1993
1920;1995
1921;1996
1922;1998
1923;1998
1924;1999
1925;1999
1926;2001
1927;2003
1928;2004
1929;2004
1930;2007
1931;2007
1932;2007
1933;2010
1934;2010
1935;2010
1936;2010
1937;2012
1938;2012
1939;2012
1940;2014
1941;2014
1942;2016
1943;2016
1944;2017
1945;2018
1946;2020
1947;2020
1948;2022
1949;2022
1950;2022
1951;2023
1952;2024
1953;2025
1954;2027
1955;2027
1956;2029
1957;2029
1958;2031
1959;2032
1960;2033
1961;2036
1962;2036
1963;2036
1964;2037
1965;2038
1966;2041
1967;2043
1968;2044
1969;2044
1970;2044
1971;2044
1972;2045
1973;2045
1974;2048
1975;2049
1976;2052
1977;2053
1978;2053
1979;2054
1980;2054
1981;2054
1982;2055
1983;2055
1984;2055
1985;2057
1986;2059
1987;2059
1988;2062
1989;2062
1990;2062
1991;2063
1992;2063
1993;2066
1994;2068
1995;2068
1996;2071
1997;2071
1998;2072
1999;2072
2000;2074
2001;2075
2002;2075
2003;2077
2004;2077
2005;2078
2006;2078
2007;2078
2008;2081
2009;2081
2010;2083
2011;2085
2012;2085
2013;2086
2014;2086
2015;2088
2016;2091
2017;2091
2018;2091
2019;2091
2020;2092
2021;2094
2022;2095
2023;2095
2024;2095
2025;2098
2026;2098
2027;2100
2028;2100
2029;2101
2030;2101
2031;2103
2032;2104
2033;2105
2034;2107
2035;2109
2036;2109
2037;2109
2038;2109
2039;2109
2040;2110
2041;2111
2042;2112
2043;2113
2044;2113
2045;2117
2046;2117
2047;2118
2048;2119
2049;2122
2050;2122
2051;2123
2052;2123
2053;2125
2054;2126
2055;2126
2056;2128
2057;2130
2058;2130
2059;2133
2060;2133
2061;2134
2062;2136
2063;2136
2064;2137
2065;2137
2066;2140
2067;2142
2068;2143
2069;2143
2070;2146
2071;2146
2072;2147
2073;2150
2074;2150
2075;2151
2076;2151
2077;2151
2078;2154
2079;2154
2080;2154
2081;2154
2082;2155
2083;2155
2084;2157
2085;2158
2086;2158
2087;2159
2088;2159
2089;2161
2090;2161
2091;2164
2092;2164
2093;2165
2094;2165
2095;2167
2096;2172
2097;2173
2098;2173
2099;2173
2100;2175
2101;2176
2102;2176
2103;2176
2104;2177
2105;2178
2106;2179
2107;2179
2108;2180
2109;2182
2110;2183
2111;2183
2112;2185
2113;2185
2114;2186
2115;2187
2116;2190
2117;2190
2118;2190
2119;2190
2120;2191
2121;2193
2122;2195
2123;2195
2124;2196
2125;2198
2126;2198
2127;2199
2128;2199
2129;2202
2130;2202
2131;2202
2132;2204
2133;2204
2134;2205
2135;2207
2136;2207
2137;2209
2138;2209
2139;2210
2140;2210
2141;2211
2142;2212
2143;2214
2144;2216
2145;2219
2146;2219
2147;2219
2148;2222
2149;2222
2150;2222
2151;2223
2152;2225
2153;2225
2154;2225
2155;2227
2156;2229
2157;2229
2158;2229
2159;2231
2160;2231
2161;2236
2162;2236
2163;2236
2164;2237
2165;2238
2166;2242
2167;2242
2168;2243
2169;2243
2170;2243
2171;2245
2172;2247
2173;2247
2174;2250
2175;2251
2176;2251
2177;2251
2178;2253
2179;2253
2180;2255
2181;2255
2182;2255
2183;2255
2184;2256
2185;2258
2186;2258
2187;2259
2188;2261
2189;2262
2190;2262
2191;2263
2192;2264
2193;2266
2194;2266
2195;2269
2196;2269
2197;2269
2198;2270
2199;2271
2200;2273
2201;2273
2202;2273
2203;2273
2204;2277
2205;2277
2206;2279
2207;2281
2208;2281
2209;2285
2210;2285
2211;2286
2212;2286
2213;2292
2214;2292
2215;2292
2216;2295
2217;2297
2218;2297
2219;2299
2220;2299
2221;2300
2222;2301
2223;2301
2224;2301
2225;2301
2226;2302
2227;2303
2228;2303
2229;2303
2230;2303
2231;2303
2232;2305
2233;2305
2234;2307
2235;2307
2236;2307
2237;2309
2238;2309
2239;2311
2240;2311
2241;2313
2242;2313
2243;2314
2244;2314
2245;2316
2246;2316
2247;2319
2248;2319
2249;2319
2250;2321
2251;2321
2252;2323
2253;2323
2254;2324
2255;2326
2256;2327
2257;2327
2258;2330
2259;2332
2260;2333
2261;2333
2262;2333
2263;2335
2264;2335
2265;2335
2266;2337
2267;2339
2268;2339
2269;2342
2270;2342
2271;2345
2272;2345
2273;2346
2274;2347
2275;2347
2276;2347
2277;2348
2278;2349
2279;2349
2280;2350
2281;2353
2282;2353
2283;2353
2284;2355
2285;2355
2286;2358
2287;2360
2288;2360
2289;2364
2290;2365
2291;2365
2292;2365
2293;2365
2294;2365
2295;2367
2296;2367
2297;2370
2298;2371
2299;2371
2300;2374
2301;2374
2302;2377
2303;2377
2304;2377
2305;2377
2306;2377
2307;2380
2308;2380
2309;2382
2310;2383
2311;2383
2312;2383
2313;2383
2314;2386
2315;2386
2316;2389
2317;2390
2318;2391
2319;2393
2320;2393
2321;2395
2322;2395
2323;2395
2324;2398
2325;2398
2326;2398
2327;2399
2328;2401
2329;2402
2330;2404
2331;2404
2332;2406
2333;2409
2334;2409
2335;2409
2336;2411
2337;2411
2338;2413
2339;2413
2340;2413
2341;2415
2342;2415
2343;2415
2344;2417
2345;2417
2346;2418
2347;2420
2348;2420
2349;2422
2350;2423
2351;2426
2352;2426
2353;2427
2354;2427
2355;2427
2356;2428
2357;2429
2358;2430
2359;2432
2360;2434
2361;2434
2362;2437
2363;2437
2364;2438
2365;2438
2366;2439
2367;2441
2368;2441
2369;2444
2370;2444
2371;2444
2372;2444
2373;2445
2374;2446
2375;2448
2376;2448
2377;2450
2378;2450
2379;2451
2380;2451
2381;2454
2382;2454
2383;2459
2384;2459
2385;2460
2386;2461
2387;2461
2388;2463
2389;2463
2390;2463
2391;2465
2392;2465
2393;2465
2394;2467
2395;2470
2396;2470
2397;2470
2398;2473
2399;2473
2400;2473
2401;2474
2402;2475
2403;2475
2404;2475
2405;2478
2406;2478
2407;2479
2408;2480
2409;2482
2410;2482
2411;2482
2412;2483
2413;2484
2414;2485
2415;2486
2416;2486
2417;2489
2418;2489
2419;2492
2420;2492
2421;2492
2422;2493
2423;2494
2424;2494
2425;2494
2426;2496
2427;2498
2428;2498
2429;2499
2430;2500
2431;2505
2432;2505
2433;2505
2434;2507
2435;2507
2436;2508
2437;2508
2438;2511
2439;2511
2440;2513
2441;2513
2442;2515
2443;2518
2444;2518
2445;2519
2446;2519
2447;2519
2448;2519
2449;2520
2450;2524
2451;2524
2452;2525
2453;2527
2454;2528
2455;2529
2456;2530
2457;2530
2458;2530
2459;2531
2460;2532
2461;2532
2462;2534
2463;2534
2464;2535
2465;2535
2466;2536
2467;2538
2468;2538
2469;2539
2470;2542
2471;2542
2472;2545
2473;2546
2474;2547
2475;2549
2476;2549
2477;2549
2478;2549
2479;2550
2480;2550
2481;2551
2482;2552
2483;2553
2484;2554
2485;2555
2486;2556
2487;2557
2488;2558
2489;2559
2490;2560
2491;2560
2492;2562
2493;2562
2494;2562
2495;2564
2496;2566
2497;2568
2498;2569
2499;2572
2500;2573
2501;2573
2502;2574
2503;2574
2504;2576
2505;2577
2506;2579
2507;2579
2508;2580
2509;2580
2510;2580
2511;2581
2512;2581
2513;2583
2514;2584
2515;2584
2516;2584
2517;2586
2518;2588
2519;2588
2520;2591
2521;2593
2522;2596
2523;2596
2524;2598
2525;2598
2526;2598
2527;2600
2528;2603
2529;2605
2530;2608
2531;2610
2532;2613
2533;2613
2534;2613
2535;2615
2536;2615
2537;2617
2538;2617
2539;2619
2540;2623
2541;2624
2542;2625
2543;2625
2544;2627
2545;2627
2546;2627
2547;2627
2548;2627
2549;2627
2550;2627
2551;2627
2552;2627
2553;2629
2554;2629
2555;2629
2556;2631
2557;2634
2558;2636
2559;2636
2560;2636
2561;2637
2562;2637
2563;2637
2564;2639
2565;2641
2566;2641
2567;2641
2568;2642
2569;2642
2570;2644
2571;2644
2572;2644
2573;2644
2574;2644
2575;2646
2576;2646
2577;2648
2578;2649
2579;2652
2580;2655
2581;2655
2582;2657
2583;2657
2584;2657
2585;2658
2586;2659
2587;2660
2588;2660
2589;2662
2590;2662
2591;2663
2592;2663
2593;2664
2594;2664
2595;2666
2596;2666
2597;2669
2598;2669
2599;2672
2600;2672
2601;2673
2602;2674
2603;2675
2604;2676
2605;2678
2606;2682
2607;2682
2608;2682
2609;2684
2610;2685
2611;2686
2612;2686
2613;2686
2614;2689
2615;2690
2616;2690
2617;2690
2618;2692
2619;2694
2620;2695
2621;2698
2622;2698
2623;2698
2624;2700
2625;2700
2626;2700
2627;2702
2628;2702
2629;2703
2630;2703
2631;2703
2632;2705
2633;2705
2634;2708
2635;2708
2636;2709
2637;2711
2638;2711
2639;2711
2640;2712
2641;2712
2642;2712
2643;2714
2644;2714
2645;2715
2646;2718
2647;2720
2648;2721
2649;2721
2650;2721
2651;2722
2652;2726
2653;2726
2654;2727
2655;2727
2656;2727
2657;2727
2658;2728
2659;2730
2660;2730
2661;2732
2662;2733
2663;2736
2664;2736
2665;2738
2666;2738
2667;2740
2668;2741
2669;2741
2670;2741
2671;2742
2672;2742
2673;2743
2674;2743
2675;2746
2676;2746
2677;2748
2678;2750
2679;2752
2680;2752
2681;2754
2682;2754
2683;2756
2684;2756
2685;2756
2686;2758
2687;2758
2688;2760
2689;2760
2690;2762
2691;2764
2692;2764
2693;2765
2694;2766
2695;2766
2696;2768
2697;2770
2698;2771
2699;2774
2700;2774
2701;2776
2702;2776
2703;2776
2704;2776
2705;2778
2706;2778
2707;2779
2708;2781
2709;2781
2710;2781
2711;2781
2712;2782
2713;2782
2714;2784
2715;2787
2716;2787
2717;2787
2718;2793
2719;2793
2720;2793
2721;2794
2722;2794
2723;2796
2724;2796
2725;2798
2726;2800
2727;2802
2728;2802
2729;2802
2730;2803
2731;2806
2732;2806
2733;2806
2734;2807
2735;2808
2736;2809
2737;2809
2738;2811
2739;2811
2740;2813
2741;2815
2742;2817
2743;2817
2744;2817
2745;2819
2746;2819
2747;2821
2748;2822
2749;2825
2750;2825
2751;2825
2752;2826
2753;2828
2754;2828
2755;2829
2756;2829
2757;2831
2758;2832
2759;2833
2760;2835
2761;2835
2762;2837
2763;2837
2764;2837
2765;2838
2766;2840
2767;2840
2768;2841
2769;2841
2770;2841
2771;2843
2772;2844
2773;2845
2774;2846
2775;2846
2776;2847
2777;2849
2778;2849
2779;2850
2780;2852
2781;2852
2782;2853
2783;2854
2784;2854
2785;2855
2786;2856
2787;2858
2788;2860
2789;2861
2790;2861
2791;2861
2792;2863
2793;2864
2794;2866
2795;2866
2796;2869
2797;2869
2798;2872
2799;2872
2800;2873
2801;2873
2802;2875
2803;2876
2804;2876
2805;2877
2806;2880
2807;2880
2808;2881
2809;2883
2810;2884
2811;2885
2812;2887
2813;2887
2814;2889
2815;2889
2816;2890
2817;2892
2818;2892
2819;2892
2820;2892
2821;2895
2822;2895
2823;2895
2824;2898
2825;2898
2826;2898
2827;2899
2828;2903
2829;2903
2830;2903
2831;2904
2832;2904
2833;2905
2834;2905
2835;2906
2836;2909
2837;2912
2838;2912
2839;2912
2840;2913
2841;2914
2842;2917
2843;2917
2844;2917
2845;2917
2846;2918
2847;2921
2848;2921
2849;2923
2850;2923
2851;2925
2852;2925
2853;2925
2854;2926
2855;2928
2856;2929
2857;2929
2858;2929
2859;2930
2860;2932
2861;2934
2862;2936
2863;2936
2864;2937
2865;2940
2866;2940
2867;2940
2868;2942
2869;2943
2870;2943
2871;2943
2872;2945
2873;2947
2874;2948
2875;2949
2876;2950
2877;2950
2878;2950
2879;2953
2880;2953
2881;2954
2882;2955
2883;2956
2884;2956
2885;2957
2886;2957
2887;2960
2888;2960
2889;2962
2890;2962
2891;2963
2892;2965
2893;2965
2894;2966
2895;2969
2896;2970
2897;2970
2898;2974
2899;2976
2900;2976
2901;2976
2902;2976
2903;2977
2904;2980
2905;2981
2906;2981
2907;2985
2908;2985
2909;2985
2910;2987
2911;2987
2912;2987
2913;2989
2914;2989
2915;2991
2916;2993
2917;2993
2918;2995
2919;2995
2920;2996
2921;2996
2922;2996
2923;2998
2924;3001
2925;3001
2926;3004
2927;3004
2928;3005
2929;3005
2930;3006
2931;3006
2932;3007
2933;3007
2934;3009
2935;3009
2936;3011
2937;3011
2938;3012
2939;3012
2940;3014
2941;3014
2942;3016
2943;3018
2944;3019
2945;3019
2946;3020
2947;3021
2948;3021
2949;3023
2950;3024
2951;3026
2952;3026
2953;3028
2954;3030
2955;3030
2956;3032
2957;3032
2958;3032
2959;3032
2960;3034
2961;3034
2962;3034
2963;3035
2964;3037
2965;3037
2966;3038
2967;3040
2968;3040
2969;3040
2970;3042
2971;3042
2972;3044
2973;3046
2974;3049
2975;3049
2976;3049
2977;3050
2978;3052
2979;3052
2980;3052
2981;3054
2982;3055
2983;3055
2984;3055
2985;3055
2986;3056
2987;3059
2988;3059
2989;3059
2990;3059
2991;3061
2992;3061
2993;3061
2994;3065
2995;3065
2996;3067
2997;3068
2998;3068
2999;3069
3000;3069
3001;3072
3002;3072
3003;3073
3004;3074
3005;3074
3006;3076
3007;3078
3008;3078
3009;3079
3010;3082
3011;3082
3012;3082
3013;3084
3014;3087
3015;3087
3016;3088
3017;3092
3018;3095
3019;3097
3020;3097
3021;3098
3022;3100
3023;3101
3024;3101
3025;3103
3026;3103
3027;3103
3028;3103
3029;3105
3030;3105
3031;3107
3032;3107
3033;3107
3034;3110
3035;3110
3036;3110
3037;3112
3038;3113
3039;3113
3040;3113
3041;3115
3042;3115
3043;3117
3044;3117
3045;3117
3046;3117
3047;3117
3048;3119
3049;3119
3050;3122
3051;3122
3052;3124
3053;3124
3054;3124
3055;3126
3056;3126
3057;3128
3058;3128
3059;3129
3060;3131
3061;3131
3062;3133
3063;3133
3064;3133
3065;3137
3066;3137
3067;3137
3068;3137
3069;3139
3070;3140
3071;3142
3072;3142
3073;3143
3074;3145
3075;3145
3076;3145
3077;3147
3078;3148
3079;3149
3080;3150
3081;3151
3082;3151
3083;3151
3084;3153
3085;3156
3086;3156
3087;3158
3088;3160
3089;3160
3090;3160
3091;3163
3092;3163
3093;3165
3094;3165
3095;3166
3096;3167
3097;3168
3098;3169
3099;3170
3100;3172
3101;3172
3102;3174
3103;3176
3104;3176
3105;3177
3106;3178
3107;3178
3108;3180
3109;3181
3110;3182
3111;3182
3112;3183
3113;3184
3114;3184
3115;3184
3116;3186
3117;3186
3118;3188
3119;3188
3120;3191
3121;3191
3122;3192
3123;3194
3124;3194
3125;3196
3126;3197
3127;3197
3128;3199
3129;3199
3130;3201
3131;3201
3132;3203
3133;3203
3134;3207
3135;3208
3136;3208
3137;3209
3138;3210
3139;3210
3140;3210
3141;3211
3142;3212
3143;3213
3144;3213
3145;3216
3146;3216
3147;3219
3148;3219
3149;3221
3150;3222
3151;3222
3152;3226
3153;3227
3154;3227
3155;3227
3156;3228
3157;3229
3158;3229
3159;3230
3160;3233
3161;3233
3162;3235
3163;3236
3164;3239
3165;3239
3166;3239
3167;3239
3168;3242
3169;3243
3170;3243
3171;3243
3172;3247
3173;3247
3174;3247
3175;3247
3176;3248
3177;3250
3178;3250
3179;3250
3180;3252
3181;3255
3182;3255
3183;3255
3184;3257
3185;3257
3186;3258
3187;3258
3188;3260
3189;3260
3190;3262
3191;3262
3192;3264
3193;3265
3194;3267
3195;3267
3196;3267
3197;3268
3198;3268
3199;3270
3200;3270
3201;3274
3202;3277
3203;3277
3204;3278
3205;3278
3206;3280
3207;3280
3208;3280
3209;3282
3210;3282
3211;3284
3212;3284
3213;3285
3214;3288
3215;3291
3216;3291
3217;3291
3218;3291
3219;3294
3220;3294
3221;3296
3222;3296
3223;3296
3224;3299
3225;3299
3226;3301
3227;3303
3228;3305
3229;3305
3230;3305
3231;3305
3232;3305
3233;3307
3234;3307
3235;3309
3236;3309
3237;3309
3238;3312
3239;3312
3240;3314
3241;3314
3242;3316
3243;3317
3244;3317
3245;3318
3246;3318
3247;3321
3248;3321
3249;3321
3250;3321
3251;3321
3252;3322
3253;3325
3254;3325
3255;3325
3256;3328
3257;3330
3258;3330
3259;3330
3260;3331
3261;3331
3262;3331
3263;3333
3264;3333
3265;3336
3266;3336
3267;3340
3268;3340
3269;3343
3270;3343
3271;3343
3272;3347
3273;3347
3274;3347
3275;3349
3276;3349
3277;3349
3278;3350
3279;3352
3280;3352
3281;3354
3282;3354
3283;3354
3284;3355
3285;3357
3286;3357
3287;3360
3288;3360
3289;3360
3290;3361
3291;3362
3292;3362
3293;3362
3294;3363
3295;3364
3296;3365
3297;3365
3298;3367
3299;3369
3300;3370
3301;3371
3302;3373
3303;3373
3304;3375
3305;3376
3306;3379
3307;3379
3308;3381
3309;3381
3310;3382
3311;3382
3312;3383
3313;3384
3314;3384
3315;3387
3316;3387
3317;3387
3318;3389
3319;3389
3320;3391
3321;3391
3322;3391
3323;3395
3324;3395
3325;3397
3326;3397
3327;3399
3328;3400
3329;3401
3330;3402
3331;3402
3332;3403
3333;3407
3334;3407
3335;3409
3336;3409
3337;3410
3338;3410
3339;3410
3340;3412
3341;3414
3342;3414
3343;3415
3344;3416
3345;3418
3346;3418
3347;3420
3348;3423
3349;3423
3350;3424
3351;3425
3352;3425
3353;3425
3354;3426
3355;3429
3356;3429
3357;3429
3358;3431
3359;3433
3360;3433
3361;3433
3362;3434
3363;3434
3364;3436
3365;3437
3366;3437
3367;3438
3368;3441
3369;3441
3370;3442
3371;3444
3372;3444
3373;3446
3374;3446
3375;3447
3376;3448
3377;3450
3378;3451
3379;3455
3380;3457
3381;3457
3382;3457
3383;3457
3384;3460
3385;3460
3386;3462
3387;3462
3388;3464
3389;3465
3390;3465
3391;3467
3392;3468
3393;3468
3394;3468
3395;3469
3396;3469
3397;3470
3398;3470
3399;3470
3400;3472
3401;3472
3402;3472
3403;3473
3404;3474
3405;3475
3406;3477
3407;3477
3408;3478
3409;3478
3410;3479
3411;3480
3412;3481
3413;3483
3414;3484
3415;3484
3416;3486
3417;3487
3418;3489
3419;3489
3420;3491
3421;3491
3422;3491
3423;3493
3424;3494
3425;3495
3426;3496
3427;3499
3428;3499
3429;3499
3430;3501
3431;3502
3432;3503
3433;3504
3434;3504
3435;3505
3436;3505
3437;3507
3438;3509
3439;3510
3440;3510
3441;3510
3442;3512
3443;3512
3444;3514
3445;3514
3446;3515
3447;3516
3448;3517
3449;3520
3450;3520
3451;3520
3452;3521
3453;3522
3454;3522
3455;3523
3456;3525
3457;3525
3458;3526
3459;3530
3460;3531
3461;3531
3462;3531
3463;3535
3464;3536
3465;3537
3466;3537
3467;3539
3468;3539
3469;3541
3470;3541
3471;3542
3472;3542
3473;3545
3474;3545
3475;3545
3476;3545
3477;3547
3478;3547
3479;3549
3480;3549
3481;3552
3482;3552
3483;3552
3484;3552
3485;3554
3486;3556
3487;3556
3488;3558
3489;3558
3490;3559
3491;3560
3492;3562
3493;3565
3494;3568
3495;3568
3496;3568
3497;3571
3498;3573
3499;3573
3500;3573
3501;3574
3502;3575
3503;3575
3504;3576
3505;3576
3506;3577
3507;3578
3508;3578
3509;3582
3510;3584
3511;3584
3512;3586
3513;3587
3514;3587
3515;3587
3516;3588
3517;3589
3518;3592
3519;3593
3520;3594
3521;3594
3522;3595
3523;3595
3524;3597
3525;3599
3526;3599
3527;3603
3528;3603
3529;3603
3530;3605
3531;3605
3532;3605
3533;3605
3534;3606
3535;3609
3536;3609
3537;3611
3538;3612
3539;3613
3540;3613
3541;3614
3542;3616
3543;3616
3544;3618
3545;3622
3546;3622
3547;3623
3548;3623
3549;3624
3550;3626
3551;3626
3552;3627
3553;3627
3554;3628
3555;3628
3556;3631
3557;3631
3558;3631
3559;3633
3560;3633
3561;3633
3562;3634
3563;3635
3564;3636
3565;3637
3566;3637
3567;3641
3568;3642
3569;3642
3570;3642
3571;3643
3572;3643
3573;3645
3574;3645
3575;3648
3576;3648
3577;3649
3578;3649
3579;3650
3580;3650
3581;3652
3582;3652
3583;3652
3584;3654
3585;3655
3586;3657
3587;3657
3588;3657
3589;3657
3590;3661
3591;3661
3592;3662
3593;3664
3594;3665
3595;3667
3596;3667
3597;3669
3598;3669
3599;3671
3600;3673
3601;3674
3602;3674
3603;3674
3604;3675
3605;3676
3606;3677
3607;3679
3608;3679
3609;3682
3610;3682
3611;3684
3612;3684
3613;3687
3614;3688
3615;3688
3616;3689
3617;3690
3618;3691
3619;3693
3620;3695
3621;3695
3622;3697
3623;3697
3624;3697
3625;3697
3626;3699
3627;3699
3628;3700
3629;3701
3630;3702
3631;3702
3632;3704
3633;3704
3634;3706
3635;3706
3636;3708
3637;3710
3638;3712
3639;3712
3640;3712
3641;3712
3642;3714
3643;3715
3644;3717
3645;3717
3646;3718
3647;3719
3648;3722
3649;3722
3650;3722
3651;3723
3652;3723
3653;3726
3654;3726
3655;3727
3656;3728
3657;3729
3658;3729
3659;3731
3660;3731
3661;3733
3662;3734
3663;3734
3664;3736
3665;3736
3666;3738
3667;3739
3668;3740
3669;3743
3670;3745
3671;3745
3672;3747
3673;3747
3674;3747
3675;3747
3676;3750
3677;3751
3678;3751
3679;3754
3680;3754
3681;3756
3682;3756
3683;3758
3684;3758
3685;3758
3686;3758
3687;3760
3688;3762
3689;3763
3690;3763
3691;3764
3692;3764
3693;3768
3694;3770
3695;3770
3696;3770
3697;3770
3698;3773
3699;3773
3700;3773
3701;3775
3702;3775
3703;3776
3704;3776
3705;3777
3706;3781
3707;3781
3708;3781
3709;3782
3710;3785
3711;3786
3712;3787
3713;3787
3714;3789
3715;3789
3716;3789
3717;3791
3718;3791
3719;3793
3720;3793
3721;3793
3722;3794
3723;3794
3724;3797
3725;3797
3726;3798
3727;3798
3728;3799
3729;3800
3730;3803
3731;3803
3732;3805
3733;3806
3734;3806
3735;3808
3736;3808
3737;3809
3738;3811
3739;3811
3740;3814
3741;3814
3742;3814
3743;3815
3744;3815
3745;3818
3746;3820
3747;3820
3748;3820
3749;3821
3750;3822
3751;3824
3752;3825
3753;3825
3754;3828
3755;3828
3756;3830
3757;3830
3758;3830
3759;3832
3760;3832
3761;3832
3762;3835
3763;3835
3764;3835
3765;3837
3766;3837
3767;3837
3768;3838
3769;3839
3770;3839
3771;3842
3772;3842
3773;3843
3774;3844
3775;3844
3776;3848
3777;3855
3778;3855
3779;3856
3780;3856
3781;3857
3782;3857
3783;3858
3784;3858
3785;3863
3786;3863
3787;3863
3788;3864
3789;3864
3790;3866
3791;3866
3792;3866
3793;3868
3794;3868
3795;3870
3796;3870
3797;3871
3798;3871
3799;3871
3800;3871
3801;3874
3802;3874
3803;3876
3804;3876
3805;3876
3806;3878
3807;3880
3808;3880
3809;3880
3810;3880
3811;3881
3812;3882
3813;3884
3814;3884
3815;3887
3816;3889
3817;3889
3818;3892
3819;3892
3820;3894
3821;3894
3822;3894
3823;3895
3824;3895
3825;3897
3826;3897
3827;3899
3828;3901
3829;3901
3830;3901
3831;3902
3832;3903
3833;3905
3834;3905
3835;3907
3836;3907
3837;3910
3838;3910
3839;3910
3840;3911
3841;3913
3842;3913
3843;3913
3844;3914
3845;3916
3846;3916
3847;3919
3848;3919
3849;3919
3850;3921
3851;3924
3852;3924
3853;3924
3854;3924
3855;3926
3856;3926
3857;3929
3858;3930
3859;3932
3860;3933
3861;3933
3862;3934
3863;3934
3864;3937
3865;3939
3866;3939
3867;3940
3868;3940
3869;3945
3870;3945
3871;3945
3872;3947
3873;3947
3874;3948
3875;3948
3876;3950
3877;3950
3878;3952
3879;3952
3880;3952
3881;3954
3882;3955
3883;3955
3884;3955
3885;3957
3886;3957
3887;3960
3888;3960
3889;3961
3890;3963
3891;3963
3892;3965
3893;3965
3894;3966
3895;3967
3896;3967
3897;3969
3898;3971
3899;3971
3900;3971
3901;3972
3902;3973
3903;3974
3904;3975
3905;3977
3906;3979
3907;3979
3908;3979
3909;3981
3910;3981
3911;3984
3912;3985
3913;3985
3914;3985
3915;3987
3916;3989
3917;3989
3918;3991
3919;3991
3920;3992
3921;3992
3922;3993
3923;3994
3924;3996
3925;3996
3926;3996
3927;3998
3928;4001
3929;4002
3930;4002
3931;4006
3932;4008
3933;4009
3934;4009
3935;4009
3936;4010
3937;4012
3938;4012
3939;4014
3940;4014
3941;4014
3942;4014
3943;4015
3944;4017
3945;4017
3946;4018
3947;4020
3948;4020
3949;4020
3950;4022
3951;4022
3952;4024
3953;4025
3954;4028
3955;4028
3956;4028
3957;4030
3958;4031
3959;4031
3960;4031
3961;4034
3962;4036
3963;4036
3964;4038
3965;4038
3966;4038
3967;4038
3968;4040
3969;4040
3970;4042
3971;4042
3972;4043
3973;4043
3974;4043
3975;4046
3976;4046
3977;4046
3978;4048
3979;4048
3980;4049
3981;4049
3982;4052
3983;4052
3984;4053
3985;4054
3986;4054
3987;4056
3988;4056
3989;4058
3990;4059
3991;4060
3992;4060
3993;4064
3994;4066
3995;4066
3996;4066
3997;4066
3998;4070
3999;4070
4000;4070
4001;4070
4002;4072
4003;4072
4004;4073
4005;4075
4006;4077
4007;4077
4008;4078
4009;4078
4010;4080
4011;4081
4012;4082
4013;4083
4014;4083
4015;4085
4016;4086
4017;4086
4018;4088
4019;4088
4020;4090
4021;4091
4022;4092
4023;4094
4024;4094
4025;4095
4026;4097
4027;4098
4028;4099
4029;4101
4030;4101
4031;4102
4032;4104
4033;4105
4034;4108
4035;4108
4036;4108
4037;4108
4038;4109
4039;4109
4040;4112
4041;4113
4042;4113
4043;4113
4044;4115
4045;4117
4046;4119
4047;4119
4048;4120
4049;4120
4050;4122
4051;4123
4052;4124
4053;4125
4054;4128
4055;4128
4056;4129
4057;4129
4058;4129
4059;4130
4060;4131
4061;4132
4062;4132
4063;4133
4064;4136
4065;4136
4066;4136
4067;4137
4068;4137
4069;4138
4070;4139
4071;4144
4072;4144
4073;4146
4074;4146
4075;4148
4076;4149
4077;4149
4078;4150
4079;4150
4080;4151
4081;4153
4082;4154
4083;4154
4084;4157
4085;4157
4086;4157
4087;4158
4088;4160
4089;4163
4090;4163
4091;4164
4092;4166
4093;4166
4094;4168
4095;4168
4096;4172
4097;4172
4098;4174
4099;4174
4100;4176
4101;4176
4102;4178
4103;4178
4104;4178
4105;4178
4106;4178
4107;4180
4108;4181
4109;4181
4110;4181
4111;4182
4112;4182
4113;4183
4114;4185
4115;4185
4116;4188
4117;4188
4118;4188
4119;4191
4120;4191
4121;4192
4122;4192
4123;4195
4124;4195
4125;4195
4126;4196
4127;4198
4128;4200
4129;4203
4130;4203
4131;4203
4132;4205
4133;4205
4134;4207
4135;4209
4136;4209
4137;4210
4138;4210
4139;4210
4140;4212
4141;4212
4142;4214
4143;4214
4144;4215
4145;4215
4146;4218
4147;4218
4148;4220
4149;4220
4150;4221
4151;4223
4152;4224
4153;4224
4154;4224
4155;4226
4156;4226
4157;4226
4158;4228
4159;4229
4160;4232
4161;4232
4162;4233
4163;4234
4164;4234
4165;4234
4166;4237
4167;4240
4168;4241
4169;4241
4170;4241
4171;4243
4172;4243
4173;4244
4174;4244
4175;4246
4176;4246
4177;4248
4178;4248
4179;4251
4180;4251
4181;4254
4182;4254
4183;4254
4184;4255
4185;4255
4186;4256
4187;4257
4188;4262
4189;4262
4190;4264
4191;4264
4192;4264
4193;4267
4194;4269
4195;4269
4196;4269
4197;4269
4198;4269
4199;4270
4200;4270
4201;4274
4202;4275
4203;4275
4204;4276
4205;4276
4206;4277
4207;4277
4208;4278
4209;4280
4210;4280
4211;4280
4212;4281
4213;4283
4214;4285
4215;4285
4216;4287
4217;4287
4218;4290
4219;4291
4220;4293
4221;4295
4222;4295
4223;4295
4224;4298
4225;4298
4226;4299
4227;4299
4228;4299
4229;4299
4230;4300
4231;4302
4232;4303
4233;4304
4234;4307
4235;4307
4236;4308
4237;4308
4238;4308
4239;4310
4240;4311
4241;4313
4242;4314
4243;4315
4244;4315
4245;4317
4246;4317
4247;4318
4248;4320
4249;4320
4250;4320
4251;4322
4252;4322
4253;4324
4254;4326
4255;4327
4256;4327
4257;4329
4258;4330
4259;4330
4260;4332
4261;4332
4262;4334
4263;4334
4264;4334
4265;4337
4266;4339
4267;4339
4268;4340
4269;4341
4270;4341
4271;4341
4272;4341
4273;4342
4274;4344
4275;4345
4276;4347
4277;4350
4278;4350
4279;4350
4280;4351
4281;4351
4282;4352
4283;4353
4284;4357
4285;4357
4286;4358
4287;4360
4288;4360
4289;4362
4290;4366
4291;4366
4292;4366
4293;4368
4294;4370
4295;4370
4296;4372
4297;4372
4298;4372
4299;4373
4300;4373
4301;4376
4302;4376
4303;4376
4304;4376
4305;4379
4306;4380
4307;4380
4308;4381
4309;4381
4310;4381
4311;4384
4312;4384
4313;4385
4314;4387
4315;4388
4316;4389
4317;4389
4318;4390
4319;4390
4320;4395
4321;4395
4322;4397
4323;4399
4324;4399
4325;4399
4326;4400
4327;4400
4328;4403
4329;4403
4330;4404
4331;4404
4332;4404
4333;4405
4334;4407
4335;4407
4336;4408
4337;4409
4338;4410
4339;4411
4340;4412
4341;4413
4342;4414
4343;4416
4344;4416
4345;4418
4346;4418
4347;4421
4348;4421
4349;4422
4350;4422
4351;4425
4352;4427
4353;4427
4354;4429
4355;4429
4356;4432
4357;4432
4358;4432
4359;4432
4360;4432
4361;4433
4362;4434
4363;4434
4364;4435
4365;4436
4366;4436
4367;4439
4368;4440
4369;4440
4370;4441
4371;4441
4372;4441
4373;4445
4374;4448
4375;4448
4376;4448
4377;4448
4378;4451
4379;4451
4380;4451
4381;4453
4382;4453
4383;4454
4384;4454
4385;4456
4386;4456
4387;4458
4388;4460
4389;4461
4390;4462
4391;4463
4392;4463
4393;4464
4394;4464
4395;4464
4396;4467
4397;4467
4398;4469
4399;4469
4400;4469
4401;4471
4402;4471
4403;4472
4404;4472
4405;4474
4406;4475
4407;4477
4408;4478
4409;4478
4410;4480
4411;4480
4412;4480
4413;4481
4414;4482
4415;4482
4416;4482
4417;4485
4418;4485
4419;4487
4420;4489
4421;4489
4422;4489
4423;4493
4424;4493
4425;4494
4426;4495
4427;4495
4428;4497
4429;4497
4430;4499
4431;4499
4432;4499
4433;4501
4434;4502
4435;4504
4436;4505
4437;4506
4438;4507
4439;4508
4440;4508
4441;4508
4442;4511
4443;4511
4444;4512
4445;4513
4446;4515
4447;4516
4448;4516
4449;4517
4450;4518
4451;4521
4452;4525
4453;4526
4454;4526
4455;4526
4456;4527
4457;4527
4458;4530
4459;4533
4460;4533
4461;4533
4462;4534
4463;4534
4464;4537
4465;4538
4466;4540
4467;4541
4468;4541
4469;4543
4470;4546
4471;4546
4472;4548
4473;4548
4474;4549
4475;4552
4476;4552
4477;4554
4478;4554
4479;4554
4480;4554
4481;4556
4482;4559
4483;4561
4484;4561
4485;4561
4486;4561
4487;4561
4488;4562
4489;4563
4490;4564
4491;4564
4492;4564
4493;4566
4494;4568
4495;4568
4496;4568
4497;4569
4498;4569
4499;4572
4500;4572
4501;4573
4502;4573
4503;4573
4504;4576
4505;4576
4506;4577
4507;4578
4508;4580
4509;4580
4510;4582
4511;4583
4512;4584
4513;4584
4514;4584
4515;4586
4516;4586
4517;4588
4518;4589
4519;4590
4520;4590
4521;4591
4522;4591
4523;4595
4524;4595
4525;4597
4526;4597
4527;4598
4528;4601
4529;4603
4530;4605
4531;4606
4532;4606
4533;4606
4534;4606
4535;4606
4536;4609
4537;4614
4538;4614
4539;4616
4540;4616
4541;4616
4542;4618
4543;4618
4544;4620
4545;4624
4546;4624
4547;4624
4548;4626
4549;4626
4550;4627
4551;4629
4552;4629
4553;4631
4554;4631
4555;4631
4556;4631
4557;4631
4558;4631
4559;4631
4560;4635
4561;4635
4562;4635
4563;4636
4564;4639
4565;4639
4566;4640
4567;4640
4568;4642
4569;4642
4570;4644
4571;4646
4572;4649
4573;4649
4574;4649
4575;4649
4576;4649
4577;4652
4578;4654
4579;4654
4580;4654
4581;4655
4582;4657
4583;4657
4584;4658
4585;4659
4586;4660
4587;4661
4588;4662
4589;4662
4590;4664
4591;4665
4592;4666
4593;4668
4594;4669
4595;4670
4596;4670
4597;4670
4598;4673
4599;4673
4600;4673
4601;4675
4602;4675
4603;4675
4604;4676
4605;4678
4606;4680
4607;4680
4608;4682
4609;4682
4610;4683
4611;4685
4612;4685
4613;4688
4614;4688
4615;4689
4616;4689
4617;4693
4618;4693
4619;4693
4620;4695
4621;4696
4622;4696
4623;4697
4624;4698
4625;4698
4626;4700
4627;4700
4628;4701
4629;4701
4630;4701
4631;4703
4632;4705
4633;4706
4634;4706
4635;4707
4636;4709
4637;4709
4638;4710
4639;4710
4640;4712
4641;4715
4642;4715
4643;4715
4644;4717
4645;4717
4646;4717
4647;4718
4648;4721
4649;4721
4650;4721
4651;4727
4652;4727
4653;4727
4654;4727
4655;4730
4656;4730
4657;4731
4658;4731
4659;4734
4660;4734
4661;4735
4662;4735
4663;4736
4664;4738
4665;4740
4666;4740
4667;4740
4668;4742
4669;4745
4670;4745
4671;4745
4672;4745
4673;4747
4674;4747
4675;4749
4676;4751
4677;4753
4678;4753
4679;4756
4680;4758
4681;4758
4682;4760
4683;4760
4684;4760
4685;4760
4686;4761
4687;4761
4688;4766
4689;4766
4690;4766
4691;4767
4692;4771
4693;4771
4694;4771
4695;4773
4696;4773
4697;4773
4698;4773
4699;4774
4700;4774
4701;4774
4702;4774
4703;4777
4704;4777
4705;4778
4706;4778
4707;4778
4708;4781
4709;4781
4710;4782
4711;4787
4712;4787
4713;4787
4714;4789
4715;4790
4716;4790
4717;4790
4718;4790
4719;4790
4720;4794
4721;4795
4722;4795
4723;4795
4724;4796
4725;4797
4726;4798
4727;4802
4728;4802
4729;4803
4730;4803
4731;4805
4732;4805
4733;4807
4734;4807
4735;4807
4736;4807
4737;4809
4738;4810
4739;4813
4740;4813
4741;4813
4742;4815
4743;4815
4744;4817
4745;4817
4746;4819
4747;4819
4748;4819
4749;4822
4750;4824
4751;4824
4752;4827
4753;4827
4754;4827
4755;4828
4756;4828
4757;4832
4758;4832
4759;4832
4760;4833
4761;4833
4762;4836
4763;4836
4764;4836
4765;4837
4766;4838
4767;4838
4768;4841
4769;4841
4770;4843
4771;4843
4772;4845
4773;4845
4774;4848
4775;4849
4776;4849
4777;4850
4778;4852
4779;4854
4780;4854
4781;4855
4782;4855
4783;4857
4784;4857
4785;4859
4786;4859
4787;4859
4788;4860
4789;4861
4790;4862
4791;4863
4792;4866
4793;4866
4794;4870
4795;4870
4796;4870
4797;4871
4798;4873
4799;4873
4800;4873
4801;4873
4802;4874
4803;4876
4804;4876
4805;4876
4806;4877
4807;4881
4808;4881
4809;4881
4810;4882
4811;4883
4812;4884
4813;4886
4814;4886
4815;4889
4816;4889
4817;4890
4818;4890
4819;4890
4820;4891
4821;4893
4822;4894
4823;4896
4824;4896
4825;4897
4826;4897
4827;4897
4828;4898
4829;4900
4830;4901
4831;4901
4832;4903
4833;4903
4834;4905
4835;4905
4836;4908
4837;4908
4838;4908
4839;4908
4840;4910
4841;4910
4842;4912
4843;4913
4844;4913
4845;4913
4846;4916
4847;4917
4848;4917
4849;4917
4850;4919
4851;4919
4852;4922
4853;4922
4854;4923
4855;4923
4856;4925
4857;4926
4858;4929
4859;4929
4860;4930
4861;4930
4862;4930
4863;4933
4864;4935
4865;4935
4866;4938
4867;4938
4868;4938
4869;4938
4870;4940
4871;4942
4872;4942
4873;4943
4874;4943
4875;4944
4876;4945
4877;4948
4878;4948
4879;4949
4880;4949
4881;4953
4882;4953
4883;4953
4884;4956
4885;4956
4886;4959
4887;4959
4888;4959
4889;4961
4890;4962
4891;4963
4892;4963
4893;4965
4894;4965
4895;4966
4896;4967
4897;4968
4898;4969
4899;4969
4900;4969
4901;4971
4902;4972
4903;4977
4904;4977
4905;4978
4906;4979
4907;4979
4908;4979
4909;4981
4910;4982
4911;4983
4912;4984
4913;4986
4914;4990
4915;4990
4916;4990
4917;4991
4918;4991
4919;4991
4920;4991
4921;4992
4922;4993
4923;4994
4924;4994
4925;4998
4926;5000
4927;5000
4928;5000
