0;73
1;78
2;78
3;79
4;81
5;83
6;83
7;83
8;83
9;83
10;83
11;83
12;86
13;86
14;87
15;87
16;88
17;89
18;90
19;90
20;90
21;92
22;92
23;95
24;95
25;97
26;97
27;99
28;99
29;99
30;101
31;102
32;103
33;104
34;106
35;107
36;107
37;108
38;108
39;108
40;111
41;111
42;111
43;113
44;114
45;115
46;117
47;117
48;117
49;118
50;120
51;120
52;123
53;123
54;124
55;124
56;126
57;127
58;127
59;127
60;128
61;132
62;132
63;132
64;132
65;134
66;136
67;136
68;138
69;141
70;142
71;142
72;143
73;144
74;145
75;146
76;148
77;148
78;148
79;149
80;149
81;151
82;153
83;153
84;155
85;156
86;156
87;158
88;158
89;162
90;162
91;163
92;167
93;167
94;169
95;170
96;170
97;171
98;173
99;173
100;173
101;173
102;175
103;175
104;177
105;177
106;177
107;180
108;180
109;181
110;181
111;181
112;183
113;184
114;185
115;187
116;187
117;189
118;192
119;193
120;193
121;195
122;199
123;199
124;199
125;199
126;199
127;202
128;202
129;202
130;205
131;205
132;205
133;205
134;206
135;207
136;210
137;210
138;211
139;211
140;214
141;214
142;214
143;214
144;215
145;215
146;220
147;220
148;220
149;221
150;221
151;225
152;225
153;225
154;225
155;228
156;230
157;230
158;232
159;232
160;232
161;232
162;234
163;234
164;234
165;237
166;237
167;239
168;240
169;240
170;241
171;243
172;243
173;244
174;244
175;246
176;247
177;249
178;249
179;251
180;251
181;251
182;252
183;253
184;253
185;255
186;257
187;258
188;260
189;260
190;261
191;261
192;264
193;267
194;267
195;267
196;267
197;270
198;271
199;273
200;273
201;274
202;274
203;274
204;275
205;275
206;276
207;280
208;280
209;281
210;282
211;284
212;286
213;287
214;288
215;291
216;291
217;294
218;294
219;294
220;294
221;294
222;296
223;296
224;298
225;298
226;298
227;298
228;300
229;302
230;302
231;302
232;306
233;307
234;307
235;307
236;309
237;309
238;313
239;315
240;316
241;316
242;316
243;318
244;318
245;322
246;322
247;322
248;322
249;322
250;323
251;323
252;324
253;324
254;325
255;328
256;328
257;330
258;330
259;330
260;333
261;334
262;336
263;336
264;336
265;336
266;339
267;339
268;341
269;343
270;343
271;343
272;345
273;346
274;346
275;349
276;351
277;351
278;351
279;353
280;354
281;354
282;354
283;356
284;356
285;356
286;358
287;359
288;359
289;361
290;362
291;362
292;365
293;365
294;366
295;368
296;368
297;368
298;369
299;370
300;371
301;373
302;376
303;376
304;377
305;377
306;377
307;379
308;379
309;379
310;382
311;382
312;383
313;384
314;384
315;385
316;386
317;386
318;388
319;392
320;392
321;392
322;394
323;395
324;395
325;396
326;396
327;400
328;400
329;401
330;401
331;403
332;403
333;404
334;406
335;406
336;407
337;407
338;409
339;410
340;411
341;411
342;413
343;413
344;415
345;417
346;419
347;419
348;420
349;420
350;423
351;423
352;427
353;428
354;428
355;429
356;431
357;431
358;431
359;434
360;436
361;436
362;436
363;436
364;436
365;438
366;438
367;439
368;441
369;442
370;442
371;444
372;444
373;445
374;445
375;448
376;448
377;448
378;450
379;450
380;451
381;452
382;453
383;453
384;455
385;457
386;457
387;457
388;461
389;463
390;463
391;463
392;464
393;466
394;467
395;469
396;469
397;472
398;472
399;473
400;473
401;476
402;478
403;478
404;481
405;481
406;481
407;481
408;482
409;482
410;483
411;483
412;486
413;489
414;489
415;490
416;490
417;490
418;491
419;491
420;493
421;494
422;494
423;496
424;498
425;499
426;499
427;502
428;502
429;502
430;503
431;503
432;503
433;504
434;508
435;508
436;508
437;509
438;509
439;511
440;513
441;516
442;517
443;517
444;517
445;517
446;517
447;518
448;518
449;521
450;521
451;522
452;523
453;525
454;525
455;526
456;527
457;529
458;529
459;529
460;531
461;531
462;534
463;534
464;535
465;537
466;539
467;541
468;541
469;542
470;542
471;544
472;546
473;546
474;546
475;548
476;548
477;553
478;555
479;557
480;560
481;560
482;561
483;561
484;562
485;562
486;562
487;563
488;565
489;565
490;565
491;567
492;567
493;569
494;570
495;571
496;571
497;575
498;575
499;575
500;576
501;576
502;576
503;579
504;579
505;579
506;580
507;580
508;582
509;582
510;585
511;585
512;587
513;590
514;590
515;590
516;591
517;592
518;593
519;593
520;595
521;595
522;596
523;596
524;597
525;598
526;598
527;599
528;599
529;601
530;603
531;603
532;605
533;605
534;606
535;608
536;611
537;611
538;611
539;612
540;612
541;613
542;615
543;617
544;617
545;617
546;617
547;621
548;621
549;623
550;624
551;624
552;626
553;628
554;628
555;628
556;630
557;632
558;632
559;632
560;632
561;634
562;634
563;634
564;634
565;637
566;637
567;640
568;641
569;641
570;644
571;644
572;644
573;644
574;648
575;648
576;648
577;649
578;649
579;651
580;652
581;652
582;654
583;655
584;657
585;657
586;660
587;660
588;661
589;661
590;662
591;662
592;662
593;662
594;663
595;664
596;666
597;666
598;667
599;668
600;670
601;671
602;673
603;674
604;675
605;675
606;676
607;678
608;678
609;679
610;681
611;682
612;685
613;685
614;685
615;685
616;687
617;688
618;689
619;689
620;691
621;691
622;692
623;693
624;695
625;695
626;697
627;697
628;697
629;697
630;699
631;700
632;701
633;704
634;704
635;707
636;707
637;709
638;710
639;711
640;712
641;712
642;716
643;716
644;719
645;719
646;719
647;719
648;721
649;724
650;724
651;725
652;726
653;727
654;729
655;730
656;730
657;731
658;731
659;732
660;732
661;732
662;735
663;737
664;737
665;737
666;737
667;740
668;742
669;745
670;745
671;745
672;745
673;747
674;747
675;747
676;748
677;749
678;749
679;749
680;752
681;752
682;752
683;753
684;755
685;755
686;756
687;757
688;759
689;764
690;766
691;766
692;766
693;767
694;767
695;767
696;767
697;768
698;770
699;773
700;773
701;773
702;774
703;777
704;777
705;778
706;778
707;778
708;778
709;780
710;783
711;785
712;787
713;787
714;787
715;789
716;789
717;790
718;790
719;792
720;795
721;795
722;798
723;798
724;799
725;799
726;799
727;800
728;801
729;801
730;803
731;805
732;808
733;809
734;812
735;812
736;812
737;813
738;813
739;813
740;815
741;816
742;818
743;818
744;818
745;819
746;821
747;821
748;821
749;822
750;824
751;824
752;824
753;826
754;826
755;827
756;830
757;830
758;832
759;832
760;832
761;834
762;836
763;836
764;837
765;837
766;837
767;837
768;837
769;842
770;842
771;844
772;846
773;846
774;847
775;847
776;850
777;850
778;852
779;852
780;853
781;853
782;854
783;856
784;856
785;858
786;858
787;858
788;859
789;860
790;860
791;861
792;865
793;865
794;866
795;866
796;866
797;868
798;869
799;869
800;871
801;871
802;874
803;879
804;879
805;879
806;881
807;883
808;883
809;884
810;884
811;884
812;884
813;885
814;887
815;887
816;887
817;892
818;894
819;896
820;898
821;898
822;898
823;899
824;899
825;900
826;901
827;903
828;903
829;904
830;904
831;906
832;906
833;909
834;909
835;911
836;911
837;914
838;914
839;914
840;916
841;916
842;916
843;917
844;917
845;918
846;918
847;920
848;920
849;923
850;927
851;928
852;928
853;928
854;930
855;930
856;932
857;934
858;934
859;936
860;936
861;937
862;939
863;939
864;942
865;944
866;944
867;947
868;947
869;947
870;949
871;949
872;952
873;952
874;952
875;954
876;956
877;957
878;957
879;957
880;962
881;962
882;963
883;963
884;963
885;965
886;965
887;967
888;967
889;970
890;970
891;971
892;971
893;973
894;973
895;975
896;975
897;975
898;977
899;979
900;980
901;980
902;980
903;980
904;984
905;984
906;984
907;984
908;985
909;985
910;985
911;988
912;988
913;988
914;988
915;988
916;988
917;990
918;993
919;993
920;993
921;995
922;996
923;996
924;997
925;999
926;1001
927;1001
928;1002
929;1003
930;1004
931;1005
932;1007
933;1007
934;1008
935;1008
936;1011
937;1011
938;1011
939;1014
940;1014
941;1014
942;1014
943;1016
944;1016
945;1019
946;1019
947;1020
948;1020
949;1020
950;1022
951;1023
952;1025
953;1025
954;1030
955;1030
956;1030
957;1032
958;1032
959;1032
960;1032
961;1033
962;1035
963;1035
964;1035
965;1039
966;1041
967;1042
968;1045
969;1045
970;1046
971;1046
972;1049
973;1049
974;1050
975;1050
976;1052
977;1052
978;1052
979;1052
980;1053
981;1053
982;1055
983;1055
984;1057
985;1058
986;1058
987;1059
988;1061
989;1064
990;1064
991;1064
992;1065
993;1065
994;1068
995;1069
996;1069
997;1072
998;1072
999;1074
1000;1076
1001;1076
1002;1077
1003;1077
1004;1078
1005;1078
1006;1081
1007;1081
1008;1083
1009;1083
1010;1084
1011;1084
1012;1085
1013;1085
1014;1085
1015;1085
1016;1088
1017;1090
1018;1091
1019;1091
1020;1091
1021;1093
1022;1093
1023;1097
1024;1097
1025;1099
1026;1101
1027;1101
1028;1101
1029;1101
1030;1102
1031;1104
1032;1104
1033;1105
1034;1106
1035;1107
1036;1107
1037;1107
1038;1107
1039;1110
1040;1110
1041;1114
1042;1114
1043;1117
1044;1117
1045;1119
1046;1122
1047;1123
1048;1123
1049;1123
1050;1124
1051;1128
1052;1128
1053;1128
1054;1130
1055;1132
1056;1132
1057;1133
1058;1133
1059;1134
1060;1136
1061;1136
1062;1136
1063;1142
1064;1142
1065;1142
1066;1145
1067;1145
1068;1146
1069;1149
1070;1149
1071;1149
1072;1149
1073;1149
1074;1151
1075;1152
1076;1157
1077;1157
1078;1157
1079;1157
1080;1157
1081;1158
1082;1160
1083;1160
1084;1160
1085;1161
1086;1161
1087;1161
1088;1162
1089;1162
1090;1164
1091;1164
1092;1164
1093;1164
1094;1166
1095;1166
1096;1168
1097;1169
1098;1170
1099;1170
1100;1171
1101;1173
1102;1174
1103;1175
1104;1176
1105;1178
1106;1178
1107;1178
1108;1179
1109;1181
1110;1181
1111;1183
1112;1183
1113;1185
1114;1185
1115;1188
1116;1191
1117;1191
1118;1192
1119;1194
1120;1195
1121;1195
1122;1197
1123;1197
1124;1197
1125;1199
1126;1200
1127;1200
1128;1201
1129;1201
1130;1203
1131;1203
1132;1205
1133;1205
1134;1208
1135;1208
1136;1210
1137;1211
1138;1211
1139;1212
1140;1215
1141;1215
1142;1215
1143;1217
1144;1218
1145;1220
1146;1220
1147;1221
1148;1221
1149;1222
1150;1225
1151;1225
1152;1225
1153;1227
1154;1227
1155;1229
1156;1231
1157;1231
1158;1232
1159;1233
1160;1234
1161;1236
1162;1236
1163;1237
1164;1238
1165;1238
1166;1239
1167;1239
1168;1242
1169;1242
1170;1242
1171;1242
1172;1243
1173;1245
1174;1246
1175;1246
1176;1249
1177;1249
1178;1249
1179;1251
1180;1251
1181;1252
1182;1252
1183;1253
1184;1253
1185;1253
1186;1255
1187;1257
1188;1258
1189;1258
1190;1260
1191;1261
1192;1261
1193;1262
1194;1267
1195;1267
1196;1267
1197;1267
1198;1268
1199;1269
1200;1270
1201;1272
1202;1272
1203;1274
1204;1274
1205;1274
1206;1276
1207;1276
1208;1278
1209;1278
1210;1281
1211;1286
1212;1286
1213;1289
1214;1289
1215;1291
1216;1291
1217;1292
1218;1292
1219;1292
1220;1292
1221;1292
1222;1294
1223;1294
1224;1295
1225;1295
1226;1297
1227;1297
1228;1299
1229;1301
1230;1302
1231;1302
1232;1305
1233;1305
1234;1305
1235;1306
1236;1307
1237;1307
1238;1307
1239;1310
1240;1310
1241;1313
1242;1313
1243;1313
1244;1314
1245;1315
1246;1316
1247;1317
1248;1320
1249;1322
1250;1323
1251;1324
1252;1325
1253;1325
1254;1327
1255;1328
1256;1329
1257;1330
1258;1330
1259;1330
1260;1332
1261;1333
1262;1335
1263;1335
1264;1335
1265;1340
1266;1340
1267;1340
1268;1343
1269;1343
1270;1344
1271;1345
1272;1345
1273;1346
1274;1346
1275;1349
1276;1349
1277;1349
1278;1351
1279;1351
1280;1351
1281;1354
1282;1357
1283;1357
1284;1359
1285;1359
1286;1359
1287;1360
1288;1360
1289;1362
1290;1362
1291;1364
1292;1364
1293;1364
1294;1364
1295;1367
1296;1367
1297;1367
1298;1369
1299;1369
1300;1371
1301;1373
1302;1375
1303;1377
1304;1377
1305;1379
1306;1379
1307;1379
1308;1380
1309;1380
1310;1384
1311;1384
1312;1384
1313;1384
1314;1388
1315;1388
1316;1388
1317;1388
1318;1391
1319;1391
1320;1391
1321;1392
1322;1394
1323;1394
1324;1396
1325;1396
1326;1397
1327;1399
1328;1400
1329;1400
1330;1401
1331;1403
1332;1404
1333;1404
1334;1404
1335;1406
1336;1406
1337;1409
1338;1410
1339;1410
1340;1412
1341;1412
1342;1414
1343;1414
1344;1415
1345;1417
1346;1419
1347;1419
1348;1422
1349;1422
1350;1422
1351;1422
1352;1423
1353;1425
1354;1425
1355;1427
1356;1428
1357;1429
1358;1431
1359;1431
1360;1433
1361;1433
1362;1436
1363;1437
1364;1437
1365;1439
1366;1439
1367;1440
1368;1440
1369;1444
1370;1444
1371;1446
1372;1447
1373;1449
1374;1449
1375;1449
1376;1451
1377;1454
1378;1454
1379;1455
1380;1458
1381;1458
1382;1460
1383;1460
1384;1461
1385;1461
1386;1461
1387;1462
1388;1462
1389;1464
1390;1465
1391;1466
1392;1466
1393;1468
1394;1468
1395;1472
1396;1472
1397;1472
1398;1472
1399;1472
1400;1473
1401;1474
1402;1474
1403;1474
1404;1477
1405;1477
1406;1477
1407;1479
1408;1481
1409;1481
1410;1483
1411;1483
1412;1485
1413;1486
1414;1486
1415;1489
1416;1489
1417;1489
1418;1491
1419;1491
1420;1492
1421;1492
1422;1493
1423;1494
1424;1496
1425;1496
1426;1497
1427;1500
1428;1500
1429;1501
1430;1501
1431;1502
1432;1503
1433;1506
1434;1508
1435;1510
1436;1510
1437;1513
1438;1513
1439;1514
1440;1514
1441;1514
1442;1516
1443;1519
1444;1520
1445;1520
1446;1525
1447;1525
1448;1525
1449;1525
1450;1526
1451;1526
1452;1528
1453;1528
1454;1533
1455;1533
1456;1534
1457;1534
1458;1534
1459;1534
1460;1534
1461;1534
1462;1534
1463;1536
1464;1536
1465;1536
1466;1538
1467;1539
1468;1539
1469;1540
1470;1540
1471;1542
1472;1543
1473;1544
1474;1545
1475;1545
1476;1548
1477;1549
1478;1549
1479;1553
1480;1553
1481;1555
1482;1557
1483;1557
1484;1557
1485;1557
1486;1559
1487;1560
1488;1560
1489;1561
1490;1561
1491;1563
1492;1563
1493;1565
1494;1566
1495;1566
1496;1569
1497;1570
1498;1570
1499;1571
1500;1575
1501;1575
1502;1575
1503;1576
1504;1577
1505;1579
1506;1579
1507;1579
1508;1580
1509;1581
1510;1581
1511;1582
1512;1584
1513;1585
1514;1585
1515;1589
1516;1590
1517;1590
1518;1592
1519;1594
1520;1594
1521;1594
1522;1596
1523;1599
1524;1599
1525;1599
1526;1599
1527;1599
1528;1601
1529;1606
1530;1606
1531;1607
1532;1607
1533;1609
1534;1612
1535;1612
1536;1612
1537;1614
1538;1614
1539;1616
1540;1616
1541;1616
1542;1617
1543;1617
1544;1617
1545;1619
1546;1625
1547;1625
1548;1626
1549;1626
1550;1628
1551;1629
1552;1629
1553;1629
1554;1631
1555;1631
1556;1634
1557;1638
1558;1638
1559;1638
1560;1638
1561;1640
1562;1640
1563;1641
1564;1644
1565;1644
1566;1644
1567;1645
1568;1645
1569;1645
1570;1647
1571;1648
1572;1648
1573;1648
1574;1649
1575;1651
1576;1653
1577;1653
1578;1654
1579;1654
1580;1656
1581;1657
1582;1657
1583;1660
1584;1660
1585;1663
1586;1663
1587;1666
1588;1667
1589;1667
1590;1667
1591;1669
1592;1669
1593;1669
1594;1671
1595;1671
1596;1671
1597;1674
1598;1678
1599;1678
1600;1678
1601;1680
1602;1680
1603;1682
1604;1682
1605;1683
1606;1685
1607;1687
1608;1690
1609;1690
1610;1690
1611;1690
1612;1690
1613;1690
1614;1690
1615;1690
1616;1692
1617;1693
1618;1693
1619;1693
1620;1696
1621;1696
1622;1697
1623;1697
1624;1701
1625;1701
1626;1701
1627;1703
1628;1703
1629;1704
1630;1705
1631;1707
1632;1710
1633;1710
1634;1711
1635;1711
1636;1713
1637;1714
1638;1714
1639;1714
1640;1714
1641;1714
1642;1716
1643;1717
1644;1719
1645;1719
1646;1721
1647;1721
1648;1723
1649;1723
1650;1724
1651;1724
1652;1729
1653;1729
1654;1731
1655;1731
1656;1731
1657;1731
1658;1731
1659;1731
1660;1736
1661;1736
1662;1738
1663;1738
1664;1739
1665;1739
1666;1739
1667;1742
1668;1742
1669;1745
1670;1745
1671;1745
1672;1746
1673;1747
1674;1747
1675;1747
1676;1750
1677;1751
1678;1751
1679;1752
1680;1753
1681;1754
1682;1754
1683;1756
1684;1756
1685;1760
1686;1760
1687;1762
1688;1762
1689;1764
1690;1764
1691;1766
1692;1766
1693;1768
1694;1769
1695;1769
1696;1769
1697;1770
1698;1770
1699;1772
1700;1772
1701;1775
1702;1775
1703;1777
1704;1779
1705;1779
1706;1779
1707;1780
1708;1780
1709;1782
1710;1782
1711;1782
1712;1784
1713;1785
1714;1786
1715;1789
1716;1789
1717;1791
1718;1791
1719;1792
1720;1794
1721;1794
1722;1794
1723;1796
1724;1798
1725;1798
1726;1799
1727;1799
1728;1802
1729;1804
1730;1804
1731;1805
1732;1805
1733;1805
1734;1805
1735;1806
1736;1807
1737;1809
1738;1809
1739;1809
1740;1811
1741;1811
1742;1812
1743;1813
1744;1815
1745;1815
1746;1819
1747;1819
1748;1819
1749;1821
1750;1822
1751;1822
1752;1823
1753;1823
1754;1825
1755;1826
1756;1828
1757;1829
1758;1832
1759;1832
1760;1836
1761;1838
1762;1838
1763;1843
1764;1843
1765;1845
1766;1846
1767;1846
1768;1846
1769;1846
1770;1848
1771;1848
1772;1849
1773;1849
1774;1849
1775;1850
1776;1850
1777;1851
1778;1851
1779;1853
1780;1855
1781;1855
1782;1855
1783;1855
1784;1858
1785;1858
1786;1859
1787;1859
1788;1859
1789;1861
1790;1864
1791;1864
1792;1865
1793;1865
1794;1865
1795;1867
1796;1867
1797;1868
1798;1870
1799;1870
1800;1871
1801;1873
1802;1879
1803;1879
1804;1879
1805;1879
1806;1879
1807;1879
1808;1881
1809;1882
1810;1882
1811;1884
1812;1885
1813;1886
1814;1887
1815;1889
1816;1889
1817;1890
1818;1893
1819;1893
1820;1893
1821;1896
1822;1896
1823;1897
1824;1898
1825;1899
1826;1901
1827;1901
1828;1902
1829;1902
1830;1904
1831;1904
1832;1907
1833;1908
1834;1908
1835;1908
1836;1910
1837;1910
1838;1911
1839;1912
1840;1912
1841;1914
1842;1914
1843;1914
1844;1915
1845;1916
1846;1918
1847;1918
1848;1918
1849;1921
1850;1923
1851;1923
1852;1924
1853;1925
1854;1926
1855;1927
1856;1927
1857;1930
1858;1930
1859;1931
1860;1931
1861;1933
1862;1933
1863;1934
1864;1935
1865;1937
1866;1937
1867;1938
1868;1939
1869;1940
1870;1941
1871;1942
1872;1942
1873;1944
1874;1946
1875;1947
1876;1949
1877;1949
1878;1950
1879;1951
1880;1952
1881;1953
1882;1953
1883;1954
1884;1956
1885;1956
1886;1956
1887;1957
1888;1959
1889;1960
1890;1962
1891;1962
1892;1963
1893;1963
1894;1963
1895;1964
1896;1966
1897;1967
1898;1967
1899;1970
1900;1972
1901;1972
1902;1973
1903;1974
1904;1975
1905;1977
1906;1977
1907;1979
1908;1980
1909;1981
1910;1983
1911;1984
1912;1984
1913;1986
1914;1986
1915;1988
1916;1989
1917;1991
1918;1991
1919;1991
1920;1994
1921;1996
1922;1996
1923;1996
1924;1997
1925;1997
1926;2000
1927;2003
1928;2003
1929;2004
1930;2004
1931;2004
1932;2008
1933;2008
1934;2010
1935;2010
1936;2010
1937;2012
1938;2014
1939;2014
1940;2014
1941;2015
1942;2015
1943;2017
1944;2019
1945;2019
1946;2020
1947;2023
1948;2023
1949;2023
1950;2025
1951;2026
1952;2026
1953;2028
1954;2028
1955;2030
1956;2030
1957;2030
1958;2031
1959;2032
1960;2032
1961;2035
1962;2035
1963;2035
1964;2036
1965;2036
1966;2039
1967;2039
1968;2039
1969;2041
1970;2043
1971;2043
1972;2045
1973;2047
1974;2048
1975;2048
1976;2048
1977;2048
1978;2048
1979;2048
1980;2051
1981;2053
1982;2053
1983;2055
1984;2055
1985;2055
1986;2057
1987;2057
1988;2060
1989;2062
1990;2063
1991;2063
1992;2063
1993;2066
1994;2066
1995;2067
1996;2067
1997;2068
1998;2071
1999;2071
2000;2071
2001;2075
2002;2075
2003;2077
2004;2078
2005;2078
2006;2081
2007;2082
2008;2083
2009;2083
2010;2085
2011;2086
2012;2088
2013;2088
2014;2091
2015;2091
2016;2091
2017;2094
2018;2094
2019;2095
2020;2095
2021;2098
2022;2098
2023;2098
2024;2100
2025;2100
2026;2101
2027;2101
2028;2103
2029;2104
2030;2104
2031;2104
2032;2104
2033;2106
2034;2106
2035;2109
2036;2109
2037;2111
2038;2111
2039;2114
2040;2114
2041;2116
2042;2116
2043;2116
2044;2117
2045;2117
2046;2119
2047;2120
2048;2120
2049;2121
2050;2122
2051;2125
2052;2126
2053;2128
2054;2128
2055;2130
2056;2130
2057;2131
2058;2131
2059;2132
2060;2134
2061;2134
2062;2135
2063;2137
2064;2137
2065;2137
2066;2141
2067;2141
2068;2142
2069;2142
2070;2143
2071;2145
2072;2145
2073;2147
2074;2148
2075;2149
2076;2149
2077;2150
2078;2152
2079;2152
2080;2156
2081;2156
2082;2157
2083;2157
2084;2160
2085;2160
2086;2160
2087;2161
2088;2161
2089;2161
2090;2162
2091;2164
2092;2164
2093;2164
2094;2165
2095;2166
2096;2167
2097;2172
2098;2172
2099;2174
2100;2174
2101;2175
2102;2175
2103;2176
2104;2177
2105;2177
2106;2178
2107;2182
2108;2182
2109;2183
2110;2183
2111;2185
2112;2186
2113;2187
2114;2187
2115;2189
2116;2193
2117;2193
2118;2193
2119;2193
2120;2193
2121;2195
2122;2195
2123;2196
2124;2199
2125;2199
2126;2202
2127;2202
2128;2202
2129;2205
2130;2205
2131;2205
2132;2207
2133;2208
2134;2208
2135;2209
2136;2209
2137;2209
2138;2212
2139;2212
2140;2213
2141;2213
2142;2217
2143;2217
2144;2217
2145;2217
2146;2218
2147;2218
2148;2220
2149;2221
2150;2221
2151;2224
2152;2227
2153;2227
2154;2227
2155;2227
2156;2228
2157;2228
2158;2229
2159;2229
2160;2231
2161;2232
2162;2232
2163;2234
2164;2236
2165;2236
2166;2238
2167;2238
2168;2238
2169;2241
2170;2242
2171;2245
2172;2245
2173;2246
2174;2246
2175;2248
2176;2251
2177;2251
2178;2252
2179;2252
2180;2252
2181;2253
2182;2255
2183;2257
2184;2257
2185;2258
2186;2260
2187;2260
2188;2260
2189;2261
2190;2263
2191;2264
2192;2264
2193;2265
2194;2265
2195;2266
2196;2268
2197;2268
2198;2271
2199;2273
2200;2274
2201;2276
2202;2276
2203;2276
2204;2276
2205;2277
2206;2277
2207;2279
2208;2280
2209;2281
2210;2282
2211;2283
2212;2285
2213;2285
2214;2286
2215;2287
2216;2287
2217;2288
2218;2288
2219;2292
2220;2293
2221;2293
2222;2293
2223;2295
2224;2296
2225;2298
2226;2298
2227;2298
2228;2299
2229;2299
2230;2301
2231;2302
2232;2302
2233;2303
2234;2304
2235;2305
2236;2306
2237;2307
2238;2308
2239;2309
2240;2311
2241;2311
2242;2315
2243;2315
2244;2320
2245;2322
2246;2323
2247;2323
2248;2326
2249;2326
2250;2327
2251;2327
2252;2331
2253;2331
2254;2331
2255;2331
2256;2332
2257;2333
2258;2333
2259;2335
2260;2335
2261;2337
2262;2337
2263;2337
2264;2338
2265;2338
2266;2339
2267;2339
2268;2342
2269;2342
2270;2345
2271;2349
2272;2353
2273;2353
2274;2353
2275;2355
2276;2357
2277;2357
2278;2358
2279;2358
2280;2358
2281;2358
2282;2358
2283;2358
2284;2361
2285;2361
2286;2361
2287;2362
2288;2362
2289;2362
2290;2363
2291;2364
2292;2364
2293;2366
2294;2369
2295;2369
2296;2369
2297;2369
2298;2371
2299;2372
2300;2374
2301;2376
2302;2376
2303;2376
2304;2376
2305;2377
2306;2378
2307;2380
2308;2380
2309;2380
2310;2381
2311;2381
2312;2381
2313;2384
2314;2384
2315;2385
2316;2388
2317;2388
2318;2391
2319;2391
2320;2391
2321;2393
2322;2394
2323;2394
2324;2397
2325;2397
2326;2399
2327;2401
2328;2401
2329;2401
2330;2402
2331;2404
2332;2404
2333;2404
2334;2406
2335;2410
2336;2410
2337;2412
2338;2413
2339;2413
2340;2415
2341;2415
2342;2418
2343;2418
2344;2418
2345;2419
2346;2421
2347;2424
2348;2424
2349;2425
2350;2425
2351;2425
2352;2425
2353;2425
2354;2428
2355;2428
2356;2429
2357;2429
2358;2432
2359;2434
2360;2434
2361;2434
2362;2436
2363;2437
2364;2438
2365;2440
2366;2440
2367;2440
2368;2441
2369;2441
2370;2444
2371;2444
2372;2446
2373;2446
2374;2448
2375;2448
2376;2448
2377;2450
2378;2451
2379;2451
2380;2453
2381;2453
2382;2453
2383;2454
2384;2456
2385;2457
2386;2460
2387;2460
2388;2464
2389;2464
2390;2464
2391;2464
2392;2464
2393;2466
2394;2468
2395;2470
2396;2472
2397;2473
2398;2473
2399;2473
2400;2476
2401;2476
2402;2477
2403;2477
2404;2478
2405;2478
2406;2479
2407;2480
2408;2482
2409;2483
2410;2484
2411;2485
2412;2485
2413;2486
2414;2488
2415;2488
2416;2488
2417;2489
2418;2489
2419;2491
2420;2493
2421;2494
2422;2494
2423;2494
2424;2495
2425;2495
2426;2496
2427;2497
2428;2498
2429;2498
2430;2500
2431;2504
2432;2505
2433;2505
2434;2507
2435;2507
2436;2508
2437;2509
2438;2510
2439;2510
2440;2513
2441;2513
2442;2514
2443;2516
2444;2516
2445;2516
2446;2521
2447;2521
2448;2521
2449;2522
2450;2522
2451;2524
2452;2524
2453;2525
2454;2528
2455;2529
2456;2529
2457;2529
2458;2530
2459;2532
2460;2532
2461;2535
2462;2535
2463;2536
2464;2536
2465;2537
2466;2537
2467;2540
2468;2540
2469;2541
2470;2541
2471;2543
2472;2543
2473;2545
2474;2546
2475;2546
2476;2546
2477;2549
2478;2553
2479;2553
2480;2555
2481;2555
2482;2555
2483;2556
2484;2557
2485;2559
2486;2559
2487;2559
2488;2561
2489;2561
2490;2562
2491;2563
2492;2563
2493;2564
2494;2565
2495;2566
2496;2566
2497;2568
2498;2568
2499;2570
2500;2570
2501;2572
2502;2573
2503;2573
2504;2575
2505;2575
2506;2577
2507;2578
2508;2580
2509;2580
2510;2580
2511;2583
2512;2583
2513;2584
2514;2584
2515;2586
2516;2586
2517;2588
2518;2592
2519;2592
2520;2592
2521;2594
2522;2595
2523;2595
2524;2600
2525;2600
2526;2600
2527;2601
2528;2603
2529;2604
2530;2604
2531;2605
2532;2605
2533;2607
2534;2607
2535;2607
2536;2608
2537;2608
2538;2609
2539;2611
2540;2612
2541;2612
2542;2614
2543;2614
2544;2614
2545;2615
2546;2617
2547;2617
2548;2617
2549;2619
2550;2621
2551;2621
2552;2621
2553;2622
2554;2623
2555;2629
2556;2629
2557;2629
2558;2629
2559;2629
2560;2631
2561;2635
2562;2635
2563;2636
2564;2639
2565;2639
2566;2639
2567;2639
2568;2640
2569;2640
2570;2642
2571;2642
2572;2643
2573;2643
2574;2644
2575;2646
2576;2646
2577;2648
2578;2650
2579;2650
2580;2652
2581;2654
2582;2655
2583;2655
2584;2656
2585;2657
2586;2658
2587;2658
2588;2660
2589;2662
2590;2662
2591;2663
2592;2663
2593;2663
2594;2664
2595;2666
2596;2666
2597;2668
2598;2669
2599;2672
2600;2672
2601;2672
2602;2673
2603;2675
2604;2676
2605;2676
2606;2676
2607;2678
2608;2681
2609;2681
2610;2681
2611;2681
2612;2683
2613;2683
2614;2687
2615;2689
2616;2689
2617;2692
2618;2692
2619;2692
2620;2696
2621;2697
2622;2697
2623;2697
2624;2697
2625;2699
2626;2700
2627;2700
2628;2700
2629;2700
2630;2700
2631;2700
2632;2703
2633;2703
2634;2704
2635;2705
2636;2705
2637;2708
2638;2709
2639;2709
2640;2711
2641;2711
2642;2713
2643;2714
2644;2716
2645;2718
2646;2718
2647;2720
2648;2720
2649;2721
2650;2721
2651;2722
2652;2724
2653;2724
2654;2725
2655;2725
2656;2727
2657;2728
2658;2730
2659;2730
2660;2730
2661;2733
2662;2733
2663;2738
2664;2738
2665;2738
2666;2739
2667;2739
2668;2741
2669;2741
2670;2742
2671;2742
2672;2743
2673;2743
2674;2743
2675;2743
2676;2747
2677;2750
2678;2750
2679;2752
2680;2755
2681;2755
2682;2755
2683;2755
2684;2756
2685;2757
2686;2758
2687;2761
2688;2761
2689;2761
2690;2761
2691;2763
2692;2764
2693;2764
2694;2765
2695;2765
2696;2766
2697;2769
2698;2770
2699;2770
2700;2770
2701;2772
2702;2772
2703;2774
2704;2775
2705;2776
2706;2776
2707;2777
2708;2780
2709;2780
2710;2780
2711;2782
2712;2782
2713;2784
2714;2784
2715;2786
2716;2787
2717;2787
2718;2789
2719;2789
2720;2790
2721;2792
2722;2792
2723;2793
2724;2793
2725;2797
2726;2801
2727;2801
2728;2801
2729;2801
2730;2803
2731;2803
2732;2804
2733;2804
2734;2806
2735;2806
2736;2808
2737;2809
2738;2810
2739;2811
2740;2812
2741;2815
2742;2817
2743;2817
2744;2819
2745;2819
2746;2822
2747;2824
2748;2824
2749;2825
2750;2825
2751;2827
2752;2828
2753;2828
2754;2828
2755;2832
2756;2833
2757;2833
2758;2833
2759;2836
2760;2837
2761;2837
2762;2838
2763;2839
2764;2839
2765;2839
2766;2839
2767;2841
2768;2841
2769;2843
2770;2843
2771;2844
2772;2845
2773;2845
2774;2846
2775;2848
2776;2848
2777;2850
2778;2850
2779;2852
2780;2855
2781;2855
2782;2855
2783;2856
2784;2856
2785;2856
2786;2858
2787;2860
2788;2860
2789;2860
2790;2862
2791;2863
2792;2865
2793;2865
2794;2866
2795;2868
2796;2868
2797;2870
2798;2870
2799;2872
2800;2873
2801;2875
2802;2876
2803;2876
2804;2876
2805;2878
2806;2879
2807;2879
2808;2880
2809;2882
2810;2883
2811;2883
2812;2886
2813;2886
2814;2887
2815;2888
2816;2890
2817;2893
2818;2896
2819;2896
2820;2897
2821;2897
2822;2897
2823;2899
2824;2899
2825;2899
2826;2904
2827;2905
2828;2905
2829;2907
2830;2907
2831;2907
2832;2907
2833;2908
2834;2908
2835;2909
2836;2911
2837;2913
2838;2913
2839;2915
2840;2917
2841;2917
2842;2917
2843;2917
2844;2920
2845;2921
2846;2921
2847;2921
2848;2922
2849;2925
2850;2925
2851;2925
2852;2925
2853;2926
2854;2927
2855;2927
2856;2928
2857;2931
2858;2931
2859;2931
2860;2931
2861;2934
2862;2934
2863;2935
2864;2938
2865;2939
2866;2942
2867;2942
2868;2942
2869;2944
2870;2944
2871;2944
2872;2944
2873;2946
2874;2947
2875;2947
2876;2949
2877;2949
2878;2952
2879;2952
2880;2953
2881;2953
2882;2954
2883;2955
2884;2957
2885;2959
2886;2962
2887;2962
2888;2962
2889;2963
2890;2963
2891;2965
2892;2965
2893;2967
2894;2969
2895;2969
2896;2969
2897;2971
2898;2971
2899;2972
2900;2972
2901;2976
2902;2977
2903;2980
2904;2980
2905;2980
2906;2981
2907;2981
2908;2981
2909;2984
2910;2987
2911;2987
2912;2988
2913;2989
2914;2989
2915;2989
2916;2990
2917;2991
2918;2993
2919;2993
2920;2997
2921;2998
2922;2998
2923;2998
2924;2999
2925;3000
2926;3000
2927;3002
2928;3003
2929;3003
2930;3006
2931;3006
2932;3007
2933;3007
2934;3008
2935;3009
2936;3013
2937;3013
2938;3013
2939;3015
2940;3018
2941;3018
2942;3018
2943;3020
2944;3022
2945;3022
2946;3022
2947;3024
2948;3024
2949;3024
2950;3024
2951;3025
2952;3027
2953;3029
2954;3031
2955;3031
2956;3031
2957;3031
2958;3032
2959;3032
2960;3032
2961;3034
2962;3036
2963;3036
2964;3039
2965;3039
2966;3039
2967;3040
2968;3040
2969;3043
2970;3046
2971;3046
2972;3046
2973;3046
2974;3046
2975;3046
2976;3048
2977;3049
2978;3049
2979;3049
2980;3050
2981;3051
2982;3054
2983;3054
2984;3055
2985;3055
2986;3056
2987;3057
2988;3062
2989;3062
2990;3063
2991;3063
2992;3065
2993;3065
2994;3067
2995;3068
2996;3068
2997;3068
2998;3070
2999;3073
3000;3074
3001;3074
3002;3074
3003;3074
3004;3075
3005;3077
3006;3077
3007;3077
3008;3077
3009;3080
3010;3080
3011;3080
3012;3083
3013;3084
3014;3085
3015;3085
3016;3086
3017;3088
3018;3089
3019;3090
3020;3092
3021;3093
3022;3093
3023;3094
3024;3096
3025;3098
3026;3098
3027;3098
3028;3100
3029;3100
3030;3100
3031;3104
3032;3105
3033;3105
3034;3110
3035;3110
3036;3113
3037;3113
3038;3116
3039;3116
3040;3116
3041;3116
3042;3118
3043;3118
3044;3119
3045;3119
3046;3119
3047;3119
3048;3122
3049;3122
3050;3122
3051;3123
3052;3126
3053;3126
3054;3128
3055;3128
3056;3128
3057;3128
3058;3128
3059;3130
3060;3131
3061;3131
3062;3131
3063;3134
3064;3134
3065;3136
3066;3136
3067;3136
3068;3137
3069;3137
3070;3140
3071;3140
3072;3140
3073;3141
3074;3143
3075;3146
3076;3146
3077;3149
3078;3150
3079;3152
3080;3152
3081;3152
3082;3154
3083;3154
3084;3156
3085;3156
3086;3159
3087;3159
3088;3159
3089;3160
3090;3160
3091;3162
3092;3164
3093;3165
3094;3165
3095;3166
3096;3167
3097;3169
3098;3173
3099;3173
3100;3173
3101;3173
3102;3175
3103;3178
3104;3181
3105;3184
3106;3184
3107;3184
3108;3186
3109;3186
3110;3186
3111;3186
3112;3186
3113;3187
3114;3187
3115;3189
3116;3189
3117;3190
3118;3190
3119;3192
3120;3192
3121;3194
3122;3198
3123;3198
3124;3198
3125;3200
3126;3200
3127;3200
3128;3204
3129;3204
3130;3204
3131;3206
3132;3206
3133;3207
3134;3209
3135;3209
3136;3210
3137;3210
3138;3213
3139;3213
3140;3213
3141;3213
3142;3214
3143;3214
3144;3215
3145;3218
3146;3218
3147;3218
3148;3220
3149;3221
3150;3224
3151;3224
3152;3225
3153;3227
3154;3227
3155;3227
3156;3227
3157;3229
3158;3229
3159;3230
3160;3231
3161;3231
3162;3234
3163;3234
3164;3236
3165;3236
3166;3236
3167;3237
3168;3239
3169;3239
3170;3241
3171;3244
3172;3244
3173;3244
3174;3245
3175;3245
3176;3249
3177;3249
3178;3250
3179;3250
3180;3251
3181;3253
3182;3253
3183;3253
3184;3255
3185;3255
3186;3257
3187;3260
3188;3260
3189;3261
3190;3261
3191;3262
3192;3262
3193;3264
3194;3265
3195;3265
3196;3266
3197;3266
3198;3268
3199;3271
3200;3271
3201;3272
3202;3274
3203;3275
3204;3276
3205;3276
3206;3276
3207;3277
3208;3278
3209;3279
3210;3281
3211;3282
3212;3282
3213;3284
3214;3287
3215;3287
3216;3287
3217;3288
3218;3289
3219;3290
3220;3290
3221;3291
3222;3293
3223;3293
3224;3294
3225;3295
3226;3297
3227;3298
3228;3300
3229;3302
3230;3306
3231;3306
3232;3306
3233;3306
3234;3308
3235;3308
3236;3310
3237;3310
3238;3316
3239;3316
3240;3317
3241;3322
3242;3322
3243;3322
3244;3323
3245;3323
3246;3323
3247;3325
3248;3325
3249;3325
3250;3328
3251;3330
3252;3330
3253;3330
3254;3331
3255;3331
3256;3334
3257;3334
3258;3334
3259;3334
3260;3335
3261;3335
3262;3335
3263;3338
3264;3338
3265;3341
3266;3341
3267;3342
3268;3342
3269;3344
3270;3344
3271;3344
3272;3347
3273;3347
3274;3347
3275;3347
3276;3348
3277;3348
3278;3350
3279;3350
3280;3352
3281;3352
3282;3353
3283;3354
3284;3360
3285;3360
3286;3361
3287;3361
3288;3361
3289;3364
3290;3365
3291;3365
3292;3366
3293;3367
3294;3367
3295;3367
3296;3370
3297;3370
3298;3374
3299;3374
3300;3375
3301;3376
3302;3377
3303;3377
3304;3377
3305;3377
3306;3378
3307;3378
3308;3378
3309;3380
3310;3380
3311;3382
3312;3383
3313;3384
3314;3386
3315;3387
3316;3388
3317;3388
3318;3390
3319;3391
3320;3393
3321;3394
3322;3395
3323;3395
3324;3396
3325;3397
3326;3398
3327;3398
3328;3401
3329;3401
3330;3403
3331;3407
3332;3407
3333;3407
3334;3407
3335;3409
3336;3411
3337;3413
3338;3413
3339;3413
3340;3416
3341;3416
3342;3416
3343;3417
3344;3417
3345;3420
3346;3420
3347;3421
3348;3421
3349;3424
3350;3424
3351;3424
3352;3425
3353;3426
3354;3426
3355;3428
3356;3430
3357;3430
3358;3431
3359;3431
3360;3432
3361;3435
3362;3435
3363;3436
3364;3436
3365;3436
3366;3436
3367;3437
3368;3440
3369;3440
3370;3440
3371;3443
3372;3443
3373;3445
3374;3446
3375;3447
3376;3449
3377;3451
3378;3451
3379;3451
3380;3454
3381;3454
3382;3455
3383;3456
3384;3460
3385;3460
3386;3460
3387;3461
3388;3461
3389;3462
3390;3464
3391;3465
3392;3465
3393;3465
3394;3467
3395;3467
3396;3469
3397;3469
3398;3470
3399;3473
3400;3475
3401;3475
3402;3478
3403;3478
3404;3478
3405;3478
3406;3478
3407;3480
3408;3481
3409;3481
3410;3481
3411;3482
3412;3482
3413;3482
3414;3484
3415;3486
3416;3486
3417;3488
3418;3488
3419;3489
3420;3490
3421;3491
3422;3494
3423;3494
3424;3496
3425;3496
3426;3497
3427;3497
3428;3499
3429;3501
3430;3502
3431;3505
3432;3508
3433;3508
3434;3508
3435;3510
3436;3513
3437;3513
3438;3515
3439;3515
3440;3515
3441;3518
3442;3518
3443;3519
3444;3519
3445;3519
3446;3519
3447;3519
3448;3519
3449;3520
3450;3520
3451;3521
3452;3521
3453;3524
3454;3524
3455;3527
3456;3527
3457;3528
3458;3528
3459;3534
3460;3535
3461;3535
3462;3537
3463;3539
3464;3539
3465;3541
3466;3541
3467;3543
3468;3543
3469;3545
3470;3545
3471;3545
3472;3545
3473;3545
3474;3545
3475;3545
3476;3545
3477;3549
3478;3549
3479;3549
3480;3550
3481;3553
3482;3553
3483;3555
3484;3555
3485;3556
3486;3556
3487;3557
3488;3558
3489;3560
3490;3560
3491;3561
3492;3562
3493;3563
3494;3565
3495;3566
3496;3566
3497;3567
3498;3571
3499;3572
3500;3572
3501;3572
3502;3573
3503;3574
3504;3575
3505;3576
3506;3576
3507;3578
3508;3578
3509;3579
3510;3580
3511;3584
3512;3584
3513;3586
3514;3586
3515;3588
3516;3588
3517;3589
3518;3590
3519;3592
3520;3595
3521;3595
3522;3595
3523;3601
3524;3602
3525;3604
3526;3604
3527;3605
3528;3607
3529;3607
3530;3609
3531;3609
3532;3609
3533;3609
3534;3609
3535;3612
3536;3612
3537;3612
3538;3615
3539;3615
3540;3618
3541;3619
3542;3619
3543;3620
3544;3620
3545;3621
3546;3621
3547;3621
3548;3621
3549;3623
3550;3623
3551;3624
3552;3624
3553;3626
3554;3626
3555;3628
3556;3629
3557;3629
3558;3629
3559;3631
3560;3631
3561;3631
3562;3631
3563;3632
3564;3633
3565;3637
3566;3637
3567;3640
3568;3640
3569;3640
3570;3641
3571;3641
3572;3642
3573;3642
3574;3644
3575;3644
3576;3645
3577;3646
3578;3647
3579;3648
3580;3650
3581;3650
3582;3651
3583;3653
3584;3653
3585;3655
3586;3655
3587;3657
3588;3660
3589;3660
3590;3660
3591;3661
3592;3662
3593;3663
3594;3665
3595;3667
3596;3669
3597;3669
3598;3669
3599;3669
3600;3671
3601;3673
3602;3673
3603;3675
3604;3676
3605;3677
3606;3679
3607;3680
3608;3680
3609;3680
3610;3683
3611;3685
3612;3685
3613;3685
3614;3685
3615;3686
3616;3687
3617;3688
3618;3689
3619;3692
3620;3694
3621;3694
3622;3696
3623;3696
3624;3697
3625;3698
3626;3699
3627;3699
3628;3700
3629;3701
3630;3703
3631;3704
3632;3705
3633;3707
3634;3707
3635;3708
3636;3709
3637;3709
3638;3711
3639;3711
3640;3713
3641;3714
3642;3714
3643;3717
3644;3717
3645;3718
3646;3721
3647;3721
3648;3721
3649;3721
3650;3723
3651;3723
3652;3727
3653;3728
3654;3729
3655;3730
3656;3730
3657;3731
3658;3733
3659;3734
3660;3737
3661;3737
3662;3737
3663;3737
3664;3738
3665;3738
3666;3740
3667;3741
3668;3741
3669;3743
3670;3746
3671;3746
3672;3746
3673;3746
3674;3750
3675;3751
3676;3752
3677;3752
3678;3754
3679;3757
3680;3757
3681;3758
3682;3758
3683;3759
3684;3759
3685;3761
3686;3761
3687;3761
3688;3761
3689;3763
3690;3764
3691;3764
3692;3766
3693;3766
3694;3767
3695;3770
3696;3771
3697;3771
3698;3773
3699;3773
3700;3773
3701;3774
3702;3775
3703;3776
3704;3777
3705;3778
3706;3779
3707;3780
3708;3782
3709;3785
3710;3785
3711;3786
3712;3788
3713;3788
3714;3788
3715;3790
3716;3790
3717;3793
3718;3793
3719;3793
3720;3795
3721;3795
3722;3796
3723;3796
3724;3799
3725;3799
3726;3799
3727;3799
3728;3801
3729;3802
3730;3803
3731;3803
3732;3806
3733;3806
3734;3808
3735;3809
3736;3809
3737;3810
3738;3811
3739;3811
3740;3813
3741;3814
3742;3814
3743;3815
3744;3815
3745;3817
3746;3818
3747;3819
3748;3820
3749;3821
3750;3823
3751;3823
3752;3825
3753;3827
3754;3827
3755;3828
3756;3831
3757;3831
3758;3831
3759;3832
3760;3833
3761;3834
3762;3834
3763;3837
3764;3838
3765;3838
3766;3838
3767;3840
3768;3844
3769;3844
3770;3844
3771;3844
3772;3846
3773;3848
3774;3848
3775;3853
3776;3853
3777;3855
3778;3857
3779;3857
3780;3858
3781;3858
3782;3859
3783;3859
3784;3862
3785;3862
3786;3865
3787;3867
3788;3867
3789;3869
3790;3869
3791;3871
3792;3871
3793;3871
3794;3873
3795;3873
3796;3873
3797;3873
3798;3874
3799;3874
3800;3874
3801;3874
3802;3874
3803;3876
3804;3876
3805;3878
3806;3880
3807;3881
3808;3881
3809;3881
3810;3881
3811;3884
3812;3885
3813;3886
3814;3886
3815;3888
3816;3888
3817;3891
3818;3891
3819;3892
3820;3894
3821;3894
3822;3894
3823;3896
3824;3896
3825;3899
3826;3900
3827;3900
3828;3900
3829;3901
3830;3901
3831;3903
3832;3903
3833;3905
3834;3905
3835;3907
3836;3907
3837;3909
3838;3910
3839;3910
3840;3912
3841;3912
3842;3914
3843;3914
3844;3916
3845;3916
3846;3918
3847;3918
3848;3920
3849;3920
3850;3921
3851;3922
3852;3925
3853;3927
3854;3927
3855;3932
3856;3940
3857;3940
3858;3941
3859;3941
3860;3941
3861;3941
3862;3941
3863;3941
3864;3941
3865;3942
3866;3942
3867;3942
3868;3942
3869;3942
3870;3945
3871;3945
3872;3946
3873;3947
3874;3947
3875;3952
3876;3956
3877;3956
3878;3957
3879;3957
3880;3957
3881;3959
3882;3959
3883;3960
3884;3964
3885;3966
3886;3968
3887;3968
3888;3968
3889;3972
3890;3972
3891;3973
3892;3973
3893;3973
3894;3975
3895;3975
3896;3975
3897;3977
3898;3977
3899;3977
3900;3978
3901;3978
3902;3979
3903;3979
3904;3982
3905;3982
3906;3985
3907;3985
3908;3986
3909;3986
3910;3986
3911;3986
3912;3986
3913;3986
3914;3988
3915;3988
3916;3989
3917;3989
3918;3990
3919;3993
3920;3993
3921;3993
3922;3994
3923;3996
3924;3997
3925;3997
3926;3999
3927;4000
3928;4002
3929;4002
3930;4002
3931;4004
3932;4004
3933;4006
3934;4007
3935;4007
3936;4010
3937;4010
3938;4012
3939;4013
3940;4013
3941;4014
3942;4018
3943;4018
3944;4018
3945;4018
3946;4021
3947;4021
3948;4024
3949;4024
3950;4024
3951;4025
3952;4025
3953;4028
3954;4030
3955;4030
3956;4030
3957;4031
3958;4033
3959;4033
3960;4035
3961;4035
3962;4035
3963;4035
3964;4037
3965;4037
3966;4039
3967;4041
3968;4041
3969;4041
3970;4041
3971;4043
3972;4046
3973;4046
3974;4046
3975;4046
3976;4049
3977;4049
3978;4051
3979;4054
3980;4054
3981;4055
3982;4055
3983;4055
3984;4056
3985;4058
3986;4058
3987;4058
3988;4060
3989;4061
3990;4061
3991;4064
3992;4064
3993;4064
3994;4064
3995;4067
3996;4067
3997;4073
3998;4073
3999;4073
4000;4074
4001;4074
4002;4076
4003;4076
4004;4076
4005;4078
4006;4079
4007;4079
4008;4081
4009;4081
4010;4082
4011;4084
4012;4086
4013;4086
4014;4089
4015;4090
4016;4090
4017;4093
4018;4093
4019;4094
4020;4094
4021;4096
4022;4096
4023;4096
4024;4099
4025;4100
4026;4102
4027;4107
4028;4107
4029;4107
4030;4107
4031;4110
4032;4112
4033;4114
4034;4114
4035;4114
4036;4114
4037;4114
4038;4114
4039;4115
4040;4115
4041;4115
4042;4117
4043;4118
4044;4121
4045;4121
4046;4122
4047;4122
4048;4123
4049;4123
4050;4124
4051;4125
4052;4125
4053;4126
4054;4129
4055;4129
4056;4130
4057;4130
4058;4132
4059;4132
4060;4132
4061;4133
4062;4133
4063;4134
4064;4134
4065;4135
4066;4135
4067;4137
4068;4137
4069;4139
4070;4139
4071;4140
4072;4140
4073;4142
4074;4144
4075;4144
4076;4146
4077;4147
4078;4148
4079;4148
4080;4150
4081;4151
4082;4152
4083;4152
4084;4154
4085;4155
4086;4156
4087;4156
4088;4158
4089;4160
4090;4160
4091;4162
4092;4163
4093;4165
4094;4166
4095;4166
4096;4168
4097;4169
4098;4169
4099;4169
4100;4169
4101;4171
4102;4173
4103;4173
4104;4175
4105;4176
4106;4176
4107;4176
4108;4179
4109;4181
4110;4181
4111;4181
4112;4183
4113;4183
4114;4184
4115;4186
4116;4187
4117;4187
4118;4187
4119;4188
4120;4189
4121;4191
4122;4192
4123;4192
4124;4193
4125;4194
4126;4195
4127;4196
4128;4203
4129;4203
4130;4203
4131;4203
4132;4203
4133;4205
4134;4207
4135;4207
4136;4209
4137;4209
4138;4211
4139;4211
4140;4214
4141;4214
4142;4214
4143;4215
4144;4217
4145;4217
4146;4219
4147;4222
4148;4222
4149;4222
4150;4223
4151;4226
4152;4226
4153;4229
4154;4229
4155;4231
4156;4231
4157;4231
4158;4233
4159;4234
4160;4234
4161;4235
4162;4235
4163;4235
4164;4237
4165;4238
4166;4238
4167;4240
4168;4241
4169;4241
4170;4241
4171;4241
4172;4242
4173;4244
4174;4244
4175;4245
4176;4245
4177;4247
4178;4247
4179;4249
4180;4249
4181;4250
4182;4252
4183;4252
4184;4254
4185;4255
4186;4256
4187;4257
4188;4257
4189;4259
4190;4260
4191;4261
4192;4265
4193;4266
4194;4266
4195;4267
4196;4269
4197;4269
4198;4273
4199;4273
4200;4275
4201;4275
4202;4275
4203;4277
4204;4277
4205;4277
4206;4279
4207;4279
4208;4279
4209;4282
4210;4282
4211;4282
4212;4282
4213;4283
4214;4283
4215;4285
4216;4285
4217;4286
4218;4288
4219;4288
4220;4289
4221;4292
4222;4292
4223;4292
4224;4296
4225;4296
4226;4298
4227;4299
4228;4299
4229;4302
4230;4302
4231;4302
4232;4304
4233;4304
4234;4305
4235;4306
4236;4308
4237;4308
4238;4310
4239;4310
4240;4312
4241;4312
4242;4315
4243;4315
4244;4316
4245;4320
4246;4320
4247;4321
4248;4321
4249;4323
4250;4323
4251;4324
4252;4324
4253;4328
4254;4328
4255;4328
4256;4328
4257;4330
4258;4330
4259;4330
4260;4330
4261;4332
4262;4334
4263;4335
4264;4337
4265;4337
4266;4340
4267;4340
4268;4341
4269;4341
4270;4343
4271;4344
4272;4344
4273;4344
4274;4347
4275;4347
4276;4348
4277;4348
4278;4351
4279;4351
4280;4353
4281;4353
4282;4355
4283;4355
4284;4356
4285;4356
4286;4356
4287;4357
4288;4359
4289;4359
4290;4360
4291;4362
4292;4364
4293;4364
4294;4364
4295;4368
4296;4368
4297;4368
4298;4368
4299;4369
4300;4370
4301;4371
4302;4374
4303;4374
4304;4375
4305;4377
4306;4377
4307;4377
4308;4379
4309;4381
4310;4382
4311;4382
4312;4384
4313;4386
4314;4386
4315;4387
4316;4390
4317;4390
4318;4393
4319;4393
4320;4394
4321;4394
4322;4395
4323;4396
4324;4398
4325;4398
4326;4399
4327;4399
4328;4400
4329;4400
4330;4402
4331;4402
4332;4404
4333;4404
4334;4405
4335;4406
4336;4411
4337;4411
4338;4414
4339;4414
4340;4414
4341;4414
4342;4414
4343;4416
4344;4416
4345;4418
4346;4418
4347;4419
4348;4420
4349;4424
4350;4424
4351;4428
4352;4428
4353;4428
4354;4429
4355;4429
4356;4430
4357;4433
4358;4433
4359;4433
4360;4434
4361;4434
4362;4435
4363;4437
4364;4438
4365;4438
4366;4439
4367;4441
4368;4441
4369;4441
4370;4441
4371;4443
4372;4444
4373;4444
4374;4449
4375;4449
4376;4452
4377;4453
4378;4453
4379;4455
4380;4455
4381;4458
4382;4458
4383;4458
4384;4459
4385;4459
4386;4460
4387;4460
4388;4462
4389;4463
4390;4465
4391;4466
4392;4466
4393;4468
4394;4468
4395;4470
4396;4470
4397;4470
4398;4474
4399;4476
4400;4476
4401;4478
4402;4478
4403;4480
4404;4480
4405;4480
4406;4481
4407;4481
4408;4481
4409;4483
4410;4485
4411;4485
4412;4486
4413;4486
4414;4488
4415;4488
4416;4489
4417;4489
4418;4489
4419;4490
4420;4490
4421;4490
4422;4493
4423;4493
4424;4493
4425;4495
4426;4496
4427;4497
4428;4501
4429;4503
4430;4503
4431;4504
4432;4506
4433;4506
4434;4506
4435;4507
4436;4507
4437;4509
4438;4511
4439;4511
4440;4514
4441;4517
4442;4517
4443;4517
4444;4520
4445;4520
4446;4522
4447;4522
4448;4524
4449;4525
4450;4525
4451;4526
4452;4528
4453;4528
4454;4529
4455;4529
4456;4529
4457;4529
4458;4531
4459;4531
4460;4534
4461;4535
4462;4535
4463;4537
4464;4537
4465;4540
4466;4541
4467;4541
4468;4541
4469;4543
4470;4544
4471;4546
4472;4549
4473;4549
4474;4551
4475;4551
4476;4551
4477;4551
4478;4552
4479;4552
4480;4555
4481;4555
4482;4558
4483;4558
4484;4558
4485;4558
4486;4559
4487;4561
4488;4561
4489;4563
4490;4565
4491;4565
4492;4565
4493;4565
4494;4565
4495;4567
4496;4568
4497;4568
4498;4570
4499;4570
4500;4571
4501;4571
4502;4572
4503;4572
4504;4575
4505;4575
4506;4577
4507;4581
4508;4582
4509;4582
4510;4583
4511;4583
4512;4584
4513;4584
4514;4590
4515;4590
4516;4590
4517;4594
4518;4596
4519;4596
4520;4596
4521;4598
4522;4599
4523;4599
4524;4599
4525;4600
4526;4600
4527;4600
4528;4600
4529;4605
4530;4605
4531;4607
4532;4607
4533;4607
4534;4607
4535;4610
4536;4610
4537;4610
4538;4612
4539;4612
4540;4612
4541;4614
4542;4616
4543;4616
4544;4616
4545;4619
4546;4620
4547;4620
4548;4621
4549;4622
4550;4623
4551;4624
4552;4625
4553;4625
4554;4626
4555;4627
4556;4629
4557;4630
4558;4632
4559;4632
4560;4632
4561;4633
4562;4635
4563;4636
4564;4637
4565;4637
4566;4639
4567;4639
4568;4641
4569;4641
4570;4643
4571;4644
4572;4647
4573;4647
4574;4649
4575;4652
4576;4654
4577;4654
4578;4656
4579;4656
4580;4659
4581;4659
4582;4659
4583;4661
4584;4661
4585;4661
4586;4661
4587;4663
4588;4663
4589;4664
4590;4664
4591;4665
4592;4665
4593;4668
4594;4668
4595;4668
4596;4669
4597;4672
4598;4674
4599;4674
4600;4675
4601;4677
4602;4679
4603;4679
4604;4682
4605;4682
4606;4683
4607;4683
4608;4684
4609;4686
4610;4687
4611;4687
4612;4689
4613;4693
4614;4693
4615;4696
4616;4697
4617;4697
4618;4697
4619;4697
4620;4698
4621;4698
4622;4698
4623;4698
4624;4698
4625;4699
4626;4699
4627;4699
4628;4701
4629;4701
4630;4703
4631;4703
4632;4703
4633;4704
4634;4706
4635;4707
4636;4707
4637;4707
4638;4708
4639;4710
4640;4711
4641;4712
4642;4712
4643;4721
4644;4723
4645;4723
4646;4723
4647;4723
4648;4723
4649;4724
4650;4724
4651;4724
4652;4727
4653;4727
4654;4728
4655;4728
4656;4728
4657;4730
4658;4730
4659;4733
4660;4734
4661;4734
4662;4734
4663;4736
4664;4737
4665;4737
4666;4739
4667;4740
4668;4740
4669;4743
4670;4744
4671;4744
4672;4746
4673;4747
4674;4747
4675;4749
4676;4750
4677;4750
4678;4752
4679;4752
4680;4753
4681;4754
4682;4754
4683;4760
4684;4760
4685;4760
4686;4762
4687;4763
4688;4763
4689;4763
4690;4763
4691;4765
4692;4765
4693;4766
4694;4768
4695;4769
4696;4770
4697;4771
4698;4771
4699;4773
4700;4773
4701;4773
4702;4775
4703;4777
4704;4778
4705;4778
4706;4781
4707;4781
4708;4781
4709;4782
4710;4784
4711;4784
4712;4784
4713;4785
4714;4785
4715;4789
4716;4789
4717;4789
4718;4790
4719;4790
4720;4791
4721;4794
4722;4794
4723;4794
4724;4795
4725;4795
4726;4798
4727;4801
4728;4801
4729;4801
4730;4803
4731;4803
4732;4803
4733;4806
4734;4806
4735;4807
4736;4807
4737;4809
4738;4810
4739;4812
4740;4812
4741;4813
4742;4814
4743;4815
4744;4815
4745;4817
4746;4817
4747;4819
4748;4819
4749;4820
4750;4822
4751;4823
4752;4824
4753;4826
4754;4828
4755;4828
4756;4830
4757;4832
4758;4832
4759;4836
4760;4836
4761;4837
4762;4837
4763;4840
4764;4840
4765;4840
4766;4841
4767;4841
4768;4843
4769;4846
4770;4846
4771;4846
4772;4846
4773;4846
4774;4847
4775;4849
4776;4851
4777;4851
4778;4851
4779;4853
4780;4855
4781;4855
4782;4857
4783;4858
4784;4858
4785;4858
4786;4860
4787;4861
4788;4861
4789;4862
4790;4863
4791;4865
4792;4865
4793;4867
4794;4869
4795;4869
4796;4870
4797;4870
4798;4872
4799;4872
4800;4873
4801;4875
4802;4876
4803;4878
4804;4878
4805;4878
4806;4880
4807;4880
4808;4883
4809;4883
4810;4885
4811;4885
4812;4885
4813;4887
4814;4887
4815;4888
4816;4890
4817;4890
4818;4892
4819;4892
4820;4892
4821;4895
4822;4895
4823;4897
4824;4897
4825;4900
4826;4902
4827;4902
4828;4902
4829;4902
4830;4905
4831;4905
4832;4907
4833;4910
4834;4910
4835;4910
4836;4910
4837;4911
4838;4911
4839;4911
4840;4912
4841;4912
4842;4913
4843;4913
4844;4914
4845;4914
4846;4915
4847;4917
4848;4920
4849;4921
4850;4923
4851;4923
4852;4926
4853;4926
4854;4926
4855;4927
4856;4927
4857;4929
4858;4929
4859;4931
4860;4931
4861;4934
4862;4934
4863;4937
4864;4938
4865;4939
4866;4939
4867;4939
4868;4941
4869;4942
4870;4942
4871;4942
4872;4943
4873;4944
4874;4947
4875;4947
4876;4947
4877;4948
4878;4950
4879;4950
4880;4950
4881;4953
4882;4953
4883;4953
4884;4955
4885;4955
4886;4955
4887;4956
4888;4956
4889;4959
4890;4960
4891;4962
4892;4962
4893;4962
4894;4964
4895;4965
4896;4966
4897;4967
4898;4968
4899;4968
4900;4971
4901;4973
4902;4973
4903;4973
4904;4973
4905;4977
4906;4979
4907;4979
4908;4981
4909;4981
4910;4981
4911;4981
4912;4984
4913;4984
4914;4986
4915;4986
4916;4989
4917;4990
4918;4992
4919;4992
4920;4995
4921;4995
4922;4995
4923;4995
4924;4998
4925;4998
4926;4999
4927;5001
4928;5001
4929;5003
4930;5005
4931;5005
4932;5005
4933;5008
4934;5008
4935;5009
4936;5009
4937;5011
4938;5011
4939;5012
4940;5014
4941;5014
4942;5016
4943;5017
4944;5017
4945;5017
4946;5020
4947;5020
4948;5021
4949;5021
4950;5021
4951;5023
4952;5026
4953;5026
4954;5026
4955;5027
4956;5028
4957;5028
4958;5028
4959;5031
4960;5032
4961;5034
4962;5035
4963;5035
4964;5035
4965;5037
4966;5037
4967;5038
4968;5039
4969;5041
4970;5041
4971;5043
4972;5043
4973;5045
4974;5045
4975;5046
4976;5048
4977;5048
4978;5049
4979;5051
4980;5052
4981;5052
4982;5053
4983;5054
4984;5056
4985;5056
4986;5058
4987;5058
4988;5059
4989;5060
4990;5062
4991;5064
4992;5064
4993;5068
4994;5068
4995;5070
4996;5070
4997;5070
4998;5071
4999;5074
5000;5074
5001;5076
5002;5076
5003;5076
5004;5076
5005;5078
5006;5079
5007;5079
5008;5082
5009;5084
5010;5084
5011;5084
5012;5086
5013;5087
5014;5088
5015;5088
5016;5088
5017;5089
5018;5090
5019;5090
5020;5092
5021;5095
5022;5096
5023;5096
5024;5096
5025;5097
5026;5097
5027;5099
5028;5100
5029;5100
5030;5102
5031;5102
5032;5102
5033;5104
5034;5104
5035;5105
5036;5107
5037;5107
5038;5108
5039;5109
5040;5109
5041;5113
5042;5113
5043;5113
5044;5115
5045;5115
5046;5116
5047;5117
5048;5120
5049;5120
5050;5121
5051;5123
5052;5123
5053;5125
5054;5125
5055;5125
5056;5128
5057;5129
5058;5129
5059;5131
5060;5133
5061;5133
5062;5134
5063;5136
5064;5139
5065;5139
5066;5142
5067;5143
5068;5143
5069;5144
5070;5144
5071;5147
5072;5149
5073;5149
5074;5150
5075;5150
5076;5151
5077;5151
5078;5153
5079;5153
5080;5158
5081;5158
5082;5159
5083;5159
5084;5159
5085;5161
5086;5161
5087;5161
5088;5164
5089;5164
5090;5164
5091;5164
5092;5167
5093;5169
5094;5169
5095;5172
5096;5173
5097;5173
5098;5177
5099;5177
5100;5180
5101;5181
5102;5181
5103;5181
5104;5181
5105;5182
5106;5182
5107;5182
5108;5182
5109;5182
5110;5186
5111;5186
5112;5187
5113;5187
5114;5188
5115;5189
5116;5190
5117;5190
5118;5192
5119;5193
5120;5193
5121;5195
5122;5198
5123;5198
5124;5198
5125;5200
5126;5200
5127;5200
5128;5202
5129;5204
5130;5204
5131;5204
5132;5204
5133;5206
5134;5211
5135;5213
5136;5213
5137;5216
5138;5216
5139;5216
5140;5217
5141;5217
5142;5219
5143;5220
5144;5220
5145;5220
5146;5220
5147;5221
5148;5223
5149;5225
5150;5225
5151;5226
5152;5228
5153;5228
5154;5230
5155;5230
5156;5230
5157;5230
5158;5230
5159;5231
5160;5233
5161;5233
5162;5235
5163;5236
5164;5236
5165;5236
5166;5238
5167;5238
5168;5239
5169;5239
5170;5242
5171;5242
5172;5242
5173;5244
5174;5246
5175;5246
5176;5247
5177;5249
5178;5249
5179;5249
5180;5252
5181;5252
5182;5252
5183;5253
5184;5254
5185;5256
5186;5256
5187;5258
5188;5262
5189;5262
5190;5263
5191;5264
5192;5264
5193;5267
5194;5267
5195;5269
5196;5269
5197;5269
5198;5269
5199;5272
5200;5272
5201;5272
5202;5273
5203;5274
5204;5277
5205;5277
5206;5279
5207;5279
5208;5279
5209;5281
5210;5283
5211;5283
5212;5284
5213;5284
5214;5286
5215;5287
5216;5289
5217;5289
5218;5291
5219;5291
5220;5293
5221;5298
5222;5300
5223;5300
5224;5300
5225;5300
5226;5301
5227;5301
5228;5301
5229;5303
5230;5303
5231;5305
5232;5306
5233;5306
5234;5310
5235;5310
5236;5311
5237;5311
5238;5313
5239;5313
5240;5313
5241;5313
5242;5318
5243;5318
5244;5318
5245;5318
5246;5321
5247;5321
5248;5322
5249;5323
5250;5323
5251;5323
5252;5325
5253;5329
5254;5329
5255;5330
5256;5330
5257;5332
5258;5332
5259;5333
5260;5335
5261;5335
5262;5335
5263;5335
5264;5336
5265;5336
5266;5338
5267;5338
5268;5338
5269;5340
5270;5340
5271;5342
5272;5343
5273;5344
5274;5345
5275;5345
5276;5346
5277;5348
5278;5350
5279;5350
5280;5351
5281;5351
5282;5353
5283;5354
5284;5355
5285;5355
5286;5357
5287;5359
5288;5359
5289;5359
5290;5362
5291;5364
5292;5364
5293;5365
5294;5366
5295;5366
5296;5369
5297;5369
5298;5370
5299;5372
5300;5372
5301;5374
5302;5374
5303;5376
5304;5376
5305;5378
5306;5378
5307;5381
5308;5381
5309;5382
5310;5382
5311;5382
5312;5387
5313;5387
5314;5388
5315;5390
5316;5390
5317;5392
5318;5392
5319;5394
5320;5394
5321;5395
5322;5395
5323;5395
5324;5396
5325;5396
5326;5401
5327;5401
5328;5401
5329;5401
5330;5403
5331;5403
5332;5406
5333;5406
5334;5407
5335;5408
5336;5409
5337;5414
5338;5414
5339;5415
5340;5415
5341;5417
5342;5417
5343;5417
5344;5419
5345;5419
5346;5420
5347;5420
5348;5420
5349;5422
5350;5424
5351;5426
5352;5426
5353;5429
5354;5430
5355;5430
5356;5432
5357;5432
5358;5432
5359;5432
5360;5434
5361;5434
5362;5436
5363;5436
5364;5438
5365;5440
5366;5440
5367;5440
5368;5442
5369;5443
5370;5443
5371;5444
5372;5444
5373;5446
5374;5448
5375;5448
5376;5449
5377;5450
5378;5452
5379;5452
5380;5453
5381;5454
5382;5454
5383;5459
5384;5461
5385;5461
5386;5461
5387;5461
5388;5462
5389;5462
5390;5466
5391;5466
5392;5468
5393;5468
5394;5470
5395;5471
5396;5472
5397;5472
5398;5472
5399;5472
5400;5474
5401;5475
5402;5475
5403;5476
5404;5477
5405;5478
5406;5480
5407;5482
5408;5482
5409;5484
5410;5484
5411;5486
5412;5486
5413;5487
5414;5487
5415;5489
5416;5489
5417;5490
5418;5492
5419;5493
5420;5493
5421;5493
5422;5495
5423;5495
5424;5497
5425;5500
5426;5500
5427;5500
5428;5501
5429;5501
5430;5504
5431;5505
5432;5505
5433;5505
5434;5508
5435;5508
5436;5508
5437;5509
5438;5509
5439;5511
5440;5512
5441;5514
5442;5515
5443;5517
5444;5517
5445;5519
5446;5519
5447;5519
5448;5519
5449;5519
5450;5521
5451;5522
5452;5525
5453;5526
5454;5527
5455;5527
5456;5527
5457;5528
5458;5534
5459;5534
5460;5534
5461;5535
5462;5535
5463;5536
5464;5536
5465;5537
5466;5538
5467;5538
5468;5540
5469;5540
5470;5543
5471;5545
5472;5545
5473;5546
5474;5546
5475;5549
5476;5549
5477;5550
5478;5550
5479;5551
5480;5552
5481;5553
5482;5554
5483;5554
5484;5554
5485;5556
5486;5556
5487;5557
5488;5559
5489;5559
5490;5560
5491;5560
5492;5561
5493;5563
5494;5563
5495;5564
5496;5565
5497;5567
5498;5568
5499;5568
5500;5570
5501;5571
5502;5571
5503;5573
5504;5574
5505;5575
5506;5575
5507;5578
5508;5578
5509;5581
5510;5583
5511;5583
5512;5583
5513;5583
5514;5585
5515;5586
5516;5586
5517;5589
5518;5592
5519;5592
5520;5593
5521;5595
5522;5595
5523;5595
5524;5596
5525;5598
5526;5600
5527;5603
5528;5603
5529;5604
5530;5604
5531;5604
5532;5606
5533;5607
5534;5608
5535;5609
5536;5609
5537;5609
5538;5611
5539;5612
5540;5615
5541;5618
5542;5618
5543;5618
5544;5619
5545;5619
5546;5619
5547;5621
5548;5622
5549;5622
5550;5623
5551;5623
5552;5624
5553;5628
5554;5628
5555;5628
5556;5631
5557;5633
5558;5633
5559;5634
5560;5634
5561;5635
5562;5636
5563;5636
5564;5637
5565;5638
5566;5638
5567;5640
5568;5640
5569;5644
5570;5644
5571;5646
5572;5646
5573;5646
5574;5648
5575;5648
5576;5651
5577;5651
5578;5654
5579;5654
5580;5656
5581;5657
5582;5660
5583;5660
5584;5660
5585;5660
5586;5660
5587;5661
5588;5661
5589;5661
5590;5661
5591;5663
5592;5664
5593;5666
5594;5671
5595;5671
5596;5671
5597;5673
5598;5673
5599;5674
5600;5674
5601;5674
5602;5674
5603;5677
5604;5678
5605;5683
5606;5683
5607;5683
5608;5683
5609;5685
5610;5685
5611;5687
5612;5690
5613;5692
5614;5692
5615;5692
5616;5694
5617;5695
5618;5696
5619;5696
5620;5697
5621;5699
5622;5699
5623;5699
5624;5700
5625;5704
5626;5704
5627;5705
5628;5705
5629;5706
5630;5706
5631;5706
5632;5706
5633;5707
5634;5707
5635;5707
5636;5708
5637;5711
5638;5711
5639;5712
5640;5712
5641;5714
5642;5714
5643;5715
5644;5717
5645;5718
5646;5718
5647;5719
5648;5721
5649;5721
5650;5723
5651;5723
5652;5723
5653;5725
5654;5725
5655;5727
5656;5727
5657;5729
5658;5730
5659;5731
5660;5732
5661;5735
5662;5737
5663;5737
5664;5737
5665;5737
5666;5739
5667;5740
5668;5741
5669;5745
5670;5746
5671;5746
5672;5746
5673;5750
5674;5750
5675;5751
5676;5751
5677;5751
5678;5751
5679;5751
5680;5752
5681;5753
5682;5753
5683;5755
5684;5755
5685;5756
5686;5757
5687;5758
5688;5759
5689;5761
5690;5764
5691;5764
5692;5764
5693;5765
5694;5767
5695;5768
5696;5768
5697;5768
5698;5770
5699;5773
5700;5773
5701;5775
5702;5775
5703;5777
5704;5778
5705;5781
5706;5781
5707;5783
5708;5783
5709;5785
5710;5785
5711;5785
5712;5787
5713;5790
5714;5790
5715;5790
5716;5791
5717;5791
5718;5792
5719;5792
5720;5794
5721;5794
5722;5795
5723;5795
5724;5797
5725;5797
5726;5799
5727;5800
5728;5800
5729;5802
5730;5804
5731;5804
5732;5806
5733;5806
5734;5807
5735;5807
5736;5809
5737;5809
5738;5811
5739;5811
5740;5812
5741;5813
5742;5813
5743;5816
5744;5816
5745;5818
5746;5818
5747;5820
5748;5820
5749;5821
5750;5824
5751;5824
5752;5824
5753;5827
5754;5828
5755;5828
5756;5828
5757;5831
5758;5832
5759;5832
5760;5832
5761;5834
5762;5834
5763;5836
5764;5837
5765;5839
5766;5839
5767;5840
5768;5840
5769;5841
5770;5845
5771;5845
5772;5845
5773;5849
5774;5849
5775;5851
5776;5852
5777;5852
5778;5853
5779;5853
5780;5854
5781;5857
5782;5858
5783;5858
5784;5858
5785;5858
5786;5860
5787;5862
5788;5864
5789;5864
5790;5864
5791;5865
5792;5867
5793;5870
5794;5870
5795;5870
5796;5872
5797;5872
5798;5872
5799;5872
5800;5872
5801;5873
5802;5873
5803;5878
5804;5878
5805;5878
5806;5878
5807;5880
5808;5880
5809;5881
5810;5881
5811;5883
5812;5888
5813;5888
5814;5888
5815;5888
5816;5889
5817;5889
5818;5890
5819;5892
5820;5893
5821;5893
5822;5895
5823;5895
5824;5895
5825;5896
5826;5896
5827;5897
5828;5899
5829;5899
5830;5901
5831;5903
5832;5903
5833;5904
5834;5904
5835;5905
5836;5907
5837;5907
5838;5908
5839;5908
5840;5911
5841;5912
5842;5915
5843;5915
5844;5916
5845;5916
5846;5916
5847;5918
5848;5919
5849;5921
5850;5922
5851;5922
5852;5924
5853;5924
5854;5924
5855;5926
5856;5926
5857;5930
5858;5930
5859;5930
5860;5931
5861;5935
5862;5936
5863;5936
5864;5938
5865;5940
5866;5941
5867;5941
5868;5941
5869;5941
5870;5942
5871;5942
5872;5944
5873;5946
5874;5946
5875;5948
5876;5948
5877;5948
5878;5953
5879;5953
5880;5953
5881;5954
5882;5954
5883;5954
5884;5956
5885;5958
5886;5959
5887;5959
5888;5959
5889;5961
5890;5967
5891;5967
5892;5967
5893;5967
5894;5968
5895;5970
5896;5970
5897;5970
5898;5971
5899;5972
5900;5972
5901;5975
5902;5975
5903;5976
5904;5979
5905;5980
5906;5980
5907;5980
5908;5984
5909;5984
5910;5984
5911;5985
5912;5985
5913;5987
5914;5989
5915;5989
5916;5989
5917;5992
5918;5992
5919;5993
5920;5993
5921;5995
5922;5996
5923;5996
5924;5997
5925;5997
5926;5998
