0;30
1;31
2;32
3;33
4;34
5;35
6;36
7;37
8;38
9;39
10;40
11;41
12;42
13;43
14;44
15;45
16;46
17;47
18;48
19;49
20;50
21;51
22;52
23;53
24;54
25;55
26;56
27;57
28;58
29;59
30;60
31;61
32;62
33;63
34;64
35;65
36;66
37;67
38;68
39;69
40;70
41;71
42;72
43;73
44;74
45;75
46;76
47;77
48;78
49;79
50;80
51;81
52;82
53;83
54;84
55;85
56;86
57;87
58;88
59;89
60;90
61;91
62;92
63;93
64;94
65;95
66;96
67;97
68;98
69;99
70;100
71;101
72;102
73;103
74;104
75;105
76;106
77;107
78;108
79;109
80;110
81;111
82;112
83;113
84;114
85;115
86;116
87;117
88;118
89;119
90;120
91;121
92;122
93;123
94;124
95;125
96;126
97;127
98;128
99;129
100;130
101;131
102;132
103;133
104;134
105;135
106;136
107;137
108;138
109;139
110;140
111;141
112;142
113;143
114;144
115;145
116;146
117;147
118;148
119;149
120;150
121;151
122;152
123;153
124;154
125;155
126;156
127;157
128;158
129;159
130;160
131;161
132;162
133;163
134;164
135;165
136;166
137;167
138;168
139;169
140;170
141;171
142;172
143;173
144;174
145;175
146;176
147;177
148;178
149;179
150;180
151;181
152;182
153;183
154;184
155;185
156;186
157;187
158;188
159;189
160;190
161;191
162;192
163;193
164;194
165;195
166;196
167;197
168;198
169;199
170;200
171;201
172;202
173;203
174;204
175;205
176;206
177;207
178;208
179;209
180;210
181;211
182;212
183;213
184;214
185;215
186;216
187;217
188;218
189;219
190;220
191;221
192;222
193;223
194;224
195;225
196;226
197;227
198;228
199;229
200;230
201;231
202;232
203;233
204;234
205;235
206;236
207;237
208;238
209;239
210;240
211;241
212;242
213;243
214;244
215;245
216;246
217;247
218;248
219;249
220;250
221;251
222;252
223;253
224;254
225;255
226;256
227;257
228;258
229;259
230;260
231;261
232;262
233;263
234;264
235;265
236;266
237;267
238;268
239;269
240;270
241;271
242;272
243;273
244;274
245;275
246;276
247;277
248;278
249;279
250;280
251;281
252;282
253;283
254;284
255;285
256;286
257;287
258;288
259;289
260;290
261;291
262;292
263;293
264;294
265;295
266;296
267;297
268;298
269;299
270;300
271;301
272;302
273;303
274;304
275;305
276;306
277;307
278;308
279;309
280;310
281;311
282;312
283;313
284;314
285;315
286;316
287;317
288;318
289;319
290;320
291;321
292;322
293;323
294;324
295;325
296;326
297;327
298;328
299;329
300;330
301;331
302;332
303;333
304;334
305;335
306;336
307;337
308;338
309;339
310;340
311;341
312;342
313;343
314;344
315;345
316;346
317;347
318;348
319;349
320;350
321;351
322;352
323;353
324;354
325;355
326;356
327;357
328;358
329;359
330;360
331;361
332;362
333;363
334;364
335;365
336;366
337;367
338;368
339;369
340;370
341;371
342;372
343;373
344;374
345;375
346;376
347;377
348;378
349;379
350;380
351;381
352;382
353;383
354;384
355;385
356;386
357;387
358;388
359;389
360;390
361;391
362;392
363;393
364;394
365;395
366;396
367;397
368;398
369;399
370;400
371;401
372;402
373;403
374;404
375;405
376;406
377;407
378;408
379;409
380;410
381;411
382;412
383;413
384;414
385;415
386;416
387;417
388;418
389;419
390;420
391;421
392;422
393;423
394;424
395;425
396;426
397;427
398;428
399;429
400;430
401;431
402;432
403;433
404;434
405;435
406;436
407;437
408;438
409;439
410;440
411;441
412;442
413;443
414;444
415;445
416;446
417;447
418;448
419;449
420;450
421;451
422;452
423;453
424;454
425;455
426;456
427;457
428;458
429;459
430;460
431;461
432;462
433;463
434;464
435;465
436;466
437;467
438;468
439;469
440;470
441;471
442;472
443;473
444;474
445;475
446;476
447;477
448;478
449;479
450;480
451;481
452;482
453;483
454;484
455;485
456;486
457;487
458;488
459;489
460;490
461;491
462;492
463;493
464;494
465;495
466;496
467;497
468;498
469;499
470;500
471;501
472;502
473;503
474;504
475;505
476;506
477;507
478;508
479;509
480;510
481;511
482;512
483;513
484;514
485;515
486;516
487;517
488;518
489;519
490;520
491;521
492;522
493;523
494;524
495;525
496;526
497;527
498;528
499;529
500;530
501;531
502;532
503;533
504;534
505;535
506;536
507;537
508;538
509;539
510;540
511;541
512;542
513;543
514;544
515;545
516;546
517;547
518;548
519;549
520;550
521;551
522;552
523;553
524;554
525;555
526;556
527;557
528;558
529;559
530;560
531;561
532;562
533;563
534;564
535;565
536;566
537;567
538;568
539;569
540;570
541;571
542;572
543;573
544;574
545;575
546;576
547;577
548;578
549;579
550;580
551;581
552;582
553;583
554;584
555;585
556;586
557;587
558;588
559;589
560;590
561;591
562;592
563;593
564;594
565;595
566;596
567;597
568;598
569;599
570;600
571;601
572;602
573;603
574;604
575;605
576;606
577;607
578;608
579;609
580;610
581;611
582;612
583;613
584;614
585;615
586;616
587;617
588;618
589;619
590;620
591;621
592;622
593;623
594;624
595;625
596;626
597;627
598;628
599;629
600;630
601;631
602;632
603;633
604;634
605;635
606;636
607;637
608;638
609;639
610;640
611;641
612;642
613;643
614;644
615;645
616;646
617;647
618;648
619;649
620;650
621;651
622;652
623;653
624;654
625;655
626;656
627;657
628;658
629;659
630;660
631;661
632;662
633;663
634;664
635;665
636;666
637;667
638;668
639;669
640;670
641;671
642;672
643;673
644;674
645;675
646;676
647;677
648;678
649;679
650;680
651;681
652;682
653;683
654;684
655;685
656;686
657;687
658;688
659;689
660;690
661;691
662;692
663;693
664;694
665;695
666;696
667;697
668;698
669;699
670;700
671;701
672;702
673;703
674;704
675;705
676;706
677;707
678;708
679;709
680;710
681;711
682;712
683;713
684;714
685;715
686;716
687;717
688;718
689;719
690;720
691;721
692;722
693;723
694;724
695;725
696;726
697;727
698;728
699;729
700;730
701;731
702;732
703;733
704;734
705;735
706;736
707;737
708;738
709;739
710;740
711;741
712;742
713;743
714;744
715;745
716;746
717;747
718;748
719;749
720;750
721;751
722;752
723;753
724;754
725;755
726;756
727;757
728;758
729;759
730;760
731;761
732;762
733;763
734;764
735;765
736;766
737;767
738;768
739;769
740;770
741;771
742;772
743;773
744;774
745;775
746;776
747;777
748;778
749;779
750;780
751;781
752;782
753;783
754;784
755;785
756;786
757;787
758;788
759;789
760;790
761;791
762;792
763;793
764;794
765;795
766;796
767;797
768;798
769;799
770;800
771;801
772;802
773;803
774;804
775;805
776;806
777;807
778;808
779;809
780;810
781;811
782;812
783;813
784;814
785;815
786;816
787;817
788;818
789;819
790;820
791;821
792;822
793;823
794;824
795;825
796;826
797;827
798;828
799;829
800;830
801;831
802;832
803;833
804;834
805;835
806;836
807;837
808;838
809;839
810;840
811;841
812;842
813;843
814;844
815;845
816;846
817;847
818;848
819;849
820;850
821;851
822;852
823;853
824;854
825;855
826;856
827;857
828;858
829;859
830;860
831;861
832;862
833;863
834;864
835;865
836;866
837;867
838;868
839;869
840;870
841;871
842;872
843;873
844;874
845;875
846;876
847;877
848;878
849;879
850;880
851;881
852;882
853;883
854;884
855;885
856;886
857;887
858;888
859;889
860;890
861;891
862;892
863;893
864;894
865;895
866;896
867;897
868;898
869;899
870;900
871;901
872;902
873;903
874;904
875;905
876;906
877;907
878;908
879;909
880;910
881;911
882;912
883;913
884;914
885;915
886;916
887;917
888;918
889;919
890;920
891;921
892;922
893;923
894;924
895;925
896;926
897;927
898;928
899;929
900;930
901;931
902;932
903;933
904;934
905;935
906;936
907;937
908;938
909;939
910;940
911;941
912;942
913;943
914;944
915;945
916;946
917;947
918;948
919;949
920;950
921;951
922;952
923;953
924;954
925;955
926;956
927;957
928;958
929;959
930;960
931;961
932;962
933;963
934;964
935;965
936;966
937;967
938;968
939;969
940;970
941;971
942;972
943;973
944;974
945;975
946;976
947;977
948;978
949;979
950;980
951;981
952;982
953;983
954;984
955;985
956;986
957;987
958;988
959;989
960;990
961;991
962;992
963;993
964;994
965;995
966;996
967;997
968;998
969;999
970;1000
971;1001
972;1002
973;1003
974;1004
975;1005
976;1006
977;1007
978;1008
979;1009
980;1010
981;1011
982;1012
983;1013
984;1014
985;1015
986;1016
987;1017
988;1018
989;1019
990;1020
991;1021
992;1022
993;1023
994;1024
995;1025
996;1026
997;1027
998;1028
999;1029
1000;1030
1001;1031
1002;1032
1003;1033
1004;1034
1005;1035
1006;1036
1007;1037
1008;1038
1009;1039
1010;1040
1011;1041
1012;1042
1013;1043
1014;1044
1015;1045
1016;1046
1017;1047
1018;1048
1019;1049
1020;1050
1021;1051
1022;1052
1023;1053
1024;1054
1025;1055
1026;1056
1027;1057
1028;1058
1029;1059
1030;1060
1031;1061
1032;1062
1033;1063
1034;1064
1035;1065
1036;1066
1037;1067
1038;1068
1039;1069
1040;1070
1041;1071
1042;1072
1043;1073
1044;1074
1045;1075
1046;1076
1047;1077
1048;1078
1049;1079
1050;1080
1051;1081
1052;1082
1053;1083
1054;1084
1055;1085
1056;1086
1057;1087
1058;1088
1059;1089
1060;1090
1061;1091
1062;1092
1063;1093
1064;1094
1065;1095
1066;1096
1067;1097
1068;1098
1069;1099
1070;1100
1071;1101
1072;1102
1073;1103
1074;1104
1075;1105
1076;1106
1077;1107
1078;1108
1079;1109
1080;1110
1081;1111
1082;1112
1083;1113
1084;1114
1085;1115
1086;1116
1087;1117
1088;1118
1089;1119
1090;1120
1091;1121
1092;1122
1093;1123
1094;1124
1095;1125
1096;1126
1097;1127
1098;1128
1099;1129
1100;1130
1101;1131
1102;1132
1103;1133
1104;1134
1105;1135
1106;1136
1107;1137
1108;1138
1109;1139
1110;1140
1111;1141
1112;1142
1113;1143
1114;1144
1115;1145
1116;1146
1117;1147
1118;1148
1119;1149
1120;1150
1121;1151
1122;1152
1123;1153
1124;1154
1125;1155
1126;1156
1127;1157
1128;1158
1129;1159
1130;1160
1131;1161
1132;1162
1133;1163
1134;1164
1135;1165
1136;1166
1137;1167
1138;1168
1139;1169
1140;1170
1141;1171
1142;1172
1143;1173
1144;1174
1145;1175
1146;1176
1147;1177
1148;1178
1149;1179
1150;1180
1151;1181
1152;1182
1153;1183
1154;1184
1155;1185
1156;1186
1157;1187
1158;1188
1159;1189
1160;1190
1161;1191
1162;1192
1163;1193
1164;1194
1165;1195
1166;1196
1167;1197
1168;1198
1169;1199
1170;1200
1171;1201
1172;1202
1173;1203
1174;1204
1175;1205
1176;1206
1177;1207
1178;1208
1179;1209
1180;1210
1181;1211
1182;1212
1183;1213
1184;1214
1185;1215
1186;1216
1187;1217
1188;1218
1189;1219
1190;1220
1191;1221
1192;1222
1193;1223
1194;1224
1195;1225
1196;1226
1197;1227
1198;1228
1199;1229
1200;1230
1201;1231
1202;1232
1203;1233
1204;1234
1205;1235
1206;1236
1207;1237
1208;1238
1209;1239
1210;1240
1211;1241
1212;1242
1213;1243
1214;1244
1215;1245
1216;1246
1217;1247
1218;1248
1219;1249
1220;1250
1221;1251
1222;1252
1223;1253
1224;1254
1225;1255
1226;1256
1227;1257
1228;1258
1229;1259
1230;1260
1231;1261
1232;1262
1233;1263
1234;1264
1235;1265
1236;1266
1237;1267
1238;1268
1239;1269
1240;1270
1241;1271
1242;1272
1243;1273
1244;1274
1245;1275
1246;1276
1247;1277
1248;1278
1249;1279
1250;1280
1251;1281
1252;1282
1253;1283
1254;1284
1255;1285
1256;1286
1257;1287
1258;1288
1259;1289
1260;1290
1261;1291
1262;1292
1263;1293
1264;1294
1265;1295
1266;1296
1267;1297
1268;1298
1269;1299
1270;1300
1271;1301
1272;1302
1273;1303
1274;1304
1275;1305
1276;1306
1277;1307
1278;1308
1279;1309
1280;1310
1281;1311
1282;1312
1283;1313
1284;1314
1285;1315
1286;1316
1287;1317
1288;1318
1289;1319
1290;1320
1291;1321
1292;1322
1293;1323
1294;1324
1295;1325
1296;1326
1297;1327
1298;1328
1299;1329
1300;1330
1301;1331
1302;1332
1303;1333
1304;1334
1305;1335
1306;1336
1307;1337
1308;1338
1309;1339
1310;1340
1311;1341
1312;1342
1313;1343
1314;1344
1315;1345
1316;1346
1317;1347
1318;1348
1319;1349
1320;1350
1321;1351
1322;1352
1323;1353
1324;1354
1325;1355
1326;1356
1327;1357
1328;1358
1329;1359
1330;1360
1331;1361
1332;1362
1333;1363
1334;1364
1335;1365
1336;1366
1337;1367
1338;1368
1339;1369
1340;1370
1341;1371
1342;1372
1343;1373
1344;1374
1345;1375
1346;1376
1347;1377
1348;1378
1349;1379
1350;1380
1351;1381
1352;1382
1353;1383
1354;1384
1355;1385
1356;1386
1357;1387
1358;1388
1359;1389
1360;1390
1361;1391
1362;1392
1363;1393
1364;1394
1365;1395
1366;1396
1367;1397
1368;1398
1369;1399
1370;1400
1371;1401
1372;1402
1373;1403
1374;1404
1375;1405
1376;1406
1377;1407
1378;1408
1379;1409
1380;1410
1381;1411
1382;1412
1383;1413
1384;1414
1385;1415
1386;1416
1387;1417
1388;1418
1389;1419
1390;1420
1391;1421
1392;1422
1393;1423
1394;1424
1395;1425
1396;1426
1397;1427
1398;1428
1399;1429
1400;1430
1401;1431
1402;1432
1403;1433
1404;1434
1405;1435
1406;1436
1407;1437
1408;1438
1409;1439
1410;1440
1411;1441
1412;1442
1413;1443
1414;1444
1415;1445
1416;1446
1417;1447
1418;1448
1419;1449
1420;1450
1421;1451
1422;1452
1423;1453
1424;1454
1425;1455
1426;1456
1427;1457
1428;1458
1429;1459
1430;1460
1431;1461
1432;1462
1433;1463
1434;1464
1435;1465
1436;1466
1437;1467
1438;1468
1439;1469
1440;1470
1441;1471
1442;1472
1443;1473
1444;1474
1445;1475
1446;1476
1447;1477
1448;1478
1449;1479
1450;1480
1451;1481
1452;1482
1453;1483
1454;1484
1455;1485
1456;1486
1457;1487
1458;1488
1459;1489
1460;1490
1461;1491
1462;1492
1463;1493
1464;1494
1465;1495
1466;1496
1467;1497
1468;1498
1469;1499
1470;1500
1471;1501
1472;1502
1473;1503
1474;1504
1475;1505
1476;1506
1477;1507
1478;1508
1479;1509
1480;1510
1481;1511
1482;1512
1483;1513
1484;1514
1485;1515
1486;1516
1487;1517
1488;1518
1489;1519
1490;1520
1491;1521
1492;1522
1493;1523
1494;1524
1495;1525
1496;1526
1497;1527
1498;1528
1499;1529
1500;1530
1501;1531
1502;1532
1503;1533
1504;1534
1505;1535
1506;1536
1507;1537
1508;1538
1509;1539
1510;1540
1511;1541
1512;1542
1513;1543
1514;1544
1515;1545
1516;1546
1517;1547
1518;1548
1519;1549
1520;1550
1521;1551
1522;1552
1523;1553
1524;1554
1525;1555
1526;1556
1527;1557
1528;1558
1529;1559
1530;1560
1531;1561
1532;1562
1533;1563
1534;1564
1535;1565
1536;1566
1537;1567
1538;1568
1539;1569
1540;1570
1541;1571
1542;1572
1543;1573
1544;1574
1545;1575
1546;1576
1547;1577
1548;1578
1549;1579
1550;1580
1551;1581
1552;1582
1553;1583
1554;1584
1555;1585
1556;1586
1557;1587
1558;1588
1559;1589
1560;1590
1561;1591
1562;1592
1563;1593
1564;1594
1565;1595
1566;1596
1567;1597
1568;1598
1569;1599
1570;1600
1571;1601
1572;1602
1573;1603
1574;1604
1575;1605
1576;1606
1577;1607
1578;1608
1579;1609
1580;1610
1581;1611
1582;1612
1583;1613
1584;1614
1585;1615
1586;1616
1587;1617
1588;1618
1589;1619
1590;1620
1591;1621
1592;1622
1593;1623
1594;1624
1595;1625
1596;1626
1597;1627
1598;1628
1599;1629
1600;1630
1601;1631
1602;1632
1603;1633
1604;1634
1605;1635
1606;1636
1607;1637
1608;1638
1609;1639
1610;1640
1611;1641
1612;1642
1613;1643
1614;1644
1615;1645
1616;1646
1617;1647
1618;1648
1619;1649
1620;1650
1621;1651
1622;1652
1623;1653
1624;1654
1625;1655
1626;1656
1627;1657
1628;1658
1629;1659
1630;1660
1631;1661
1632;1662
1633;1663
1634;1664
1635;1665
1636;1666
1637;1667
1638;1668
1639;1669
1640;1670
1641;1671
1642;1672
1643;1673
1644;1674
1645;1675
1646;1676
1647;1677
1648;1678
1649;1679
1650;1680
1651;1681
1652;1682
1653;1683
1654;1684
1655;1685
1656;1686
1657;1687
1658;1688
1659;1689
1660;1690
1661;1691
1662;1692
1663;1693
1664;1694
1665;1695
1666;1696
1667;1697
1668;1698
1669;1699
1670;1700
1671;1701
1672;1702
1673;1703
1674;1704
1675;1705
1676;1706
1677;1707
1678;1708
1679;1709
1680;1710
1681;1711
1682;1712
1683;1713
1684;1714
1685;1715
1686;1716
1687;1717
1688;1718
1689;1719
1690;1720
1691;1721
1692;1722
1693;1723
1694;1724
1695;1725
1696;1726
1697;1727
1698;1728
1699;1729
1700;1730
1701;1731
1702;1732
1703;1733
1704;1734
1705;1735
1706;1736
1707;1737
1708;1738
1709;1739
1710;1740
1711;1741
1712;1742
1713;1743
1714;1744
1715;1745
1716;1746
1717;1747
1718;1748
1719;1749
1720;1750
1721;1751
1722;1752
1723;1753
1724;1754
1725;1755
1726;1756
1727;1757
1728;1758
1729;1759
1730;1760
1731;1761
1732;1762
1733;1763
1734;1764
1735;1765
1736;1766
1737;1767
1738;1768
1739;1769
1740;1770
1741;1771
1742;1772
1743;1773
1744;1774
1745;1775
1746;1776
1747;1777
1748;1778
1749;1779
1750;1780
1751;1781
1752;1782
1753;1783
1754;1784
1755;1785
1756;1786
1757;1787
1758;1788
1759;1789
1760;1790
1761;1791
1762;1792
1763;1793
1764;1794
1765;1795
1766;1796
1767;1797
1768;1798
1769;1799
1770;1800
1771;1801
1772;1802
1773;1803
1774;1804
1775;1805
1776;1806
1777;1807
1778;1808
1779;1809
1780;1810
1781;1811
1782;1812
1783;1813
1784;1814
1785;1815
1786;1816
1787;1817
1788;1818
1789;1819
1790;1820
1791;1821
1792;1822
1793;1823
1794;1824
1795;1825
1796;1826
1797;1827
1798;1828
1799;1829
1800;1830
1801;1831
1802;1832
1803;1833
1804;1834
1805;1835
1806;1836
1807;1837
1808;1838
1809;1839
1810;1840
1811;1841
1812;1842
1813;1843
1814;1844
1815;1845
1816;1846
1817;1847
1818;1848
1819;1849
1820;1850
1821;1851
1822;1852
1823;1853
1824;1854
1825;1855
1826;1856
1827;1857
1828;1858
1829;1859
1830;1860
1831;1861
1832;1862
1833;1863
1834;1864
1835;1865
1836;1866
1837;1867
1838;1868
1839;1869
1840;1870
1841;1871
1842;1872
1843;1873
1844;1874
1845;1875
1846;1876
1847;1877
1848;1878
1849;1879
1850;1880
1851;1881
1852;1882
1853;1883
1854;1884
1855;1885
1856;1886
1857;1887
1858;1888
1859;1889
1860;1890
1861;1891
1862;1892
1863;1893
1864;1894
1865;1895
1866;1896
1867;1897
1868;1898
1869;1899
1870;1900
1871;1901
1872;1902
1873;1903
1874;1904
1875;1905
1876;1906
1877;1907
1878;1908
1879;1909
1880;1910
1881;1911
1882;1912
1883;1913
1884;1914
1885;1915
1886;1916
1887;1917
1888;1918
1889;1919
1890;1920
1891;1921
1892;1922
1893;1923
1894;1924
1895;1925
1896;1926
1897;1927
1898;1928
1899;1929
1900;1930
1901;1931
1902;1932
1903;1933
1904;1934
1905;1935
1906;1936
1907;1937
1908;1938
1909;1939
1910;1940
1911;1941
1912;1942
1913;1943
1914;1944
1915;1945
1916;1946
1917;1947
1918;1948
1919;1949
1920;1950
1921;1951
1922;1952
1923;1953
1924;1954
1925;1955
1926;1956
1927;1957
1928;1958
1929;1959
1930;1960
1931;1961
1932;1962
1933;1963
1934;1964
1935;1965
1936;1966
1937;1967
1938;1968
1939;1969
1940;1970
1941;1971
1942;1972
1943;1973
1944;1974
1945;1975
1946;1976
1947;1977
1948;1978
1949;1979
1950;1980
1951;1981
1952;1982
1953;1983
1954;1984
1955;1985
1956;1986
1957;1987
1958;1988
1959;1989
1960;1990
1961;1991
1962;1992
1963;1993
1964;1994
1965;1995
1966;1996
1967;1997
1968;1998
1969;1999
1970;2000
1971;2001
1972;2002
1973;2003
1974;2004
1975;2005
1976;2006
1977;2007
1978;2008
1979;2009
1980;2010
1981;2011
1982;2012
1983;2013
1984;2014
1985;2015
1986;2016
1987;2017
1988;2018
1989;2019
1990;2020
1991;2021
1992;2022
1993;2023
1994;2024
1995;2025
1996;2026
1997;2027
1998;2028
1999;2029
2000;2030
2001;2031
2002;2032
2003;2033
2004;2034
2005;2035
2006;2036
2007;2037
2008;2038
2009;2039
2010;2040
2011;2041
2012;2042
2013;2043
2014;2044
2015;2045
2016;2046
2017;2047
2018;2048
2019;2049
2020;2050
2021;2051
2022;2052
2023;2053
2024;2054
2025;2055
2026;2056
2027;2057
2028;2058
2029;2059
2030;2060
2031;2061
2032;2062
2033;2063
2034;2064
2035;2065
2036;2066
2037;2067
2038;2068
2039;2069
2040;2070
2041;2071
2042;2072
2043;2073
2044;2074
2045;2075
2046;2076
2047;2077
2048;2078
2049;2079
2050;2080
2051;2081
2052;2082
2053;2083
2054;2084
2055;2085
2056;2086
2057;2087
2058;2088
2059;2089
2060;2090
2061;2091
2062;2092
2063;2093
2064;2094
2065;2095
2066;2096
2067;2097
2068;2098
2069;2099
2070;2100
2071;2101
2072;2102
2073;2103
2074;2104
2075;2105
2076;2106
2077;2107
2078;2108
2079;2109
2080;2110
2081;2111
2082;2112
2083;2113
2084;2114
2085;2115
2086;2116
2087;2117
2088;2118
2089;2119
2090;2120
2091;2121
2092;2122
2093;2123
2094;2124
2095;2125
2096;2126
2097;2127
2098;2128
2099;2129
2100;2130
2101;2131
2102;2132
2103;2133
2104;2134
2105;2135
2106;2136
2107;2137
2108;2138
2109;2139
2110;2140
2111;2141
2112;2142
2113;2143
2114;2144
2115;2145
2116;2146
2117;2147
2118;2148
2119;2149
2120;2150
2121;2151
2122;2152
2123;2153
2124;2154
2125;2155
2126;2156
2127;2157
2128;2158
2129;2159
2130;2160
2131;2161
2132;2162
2133;2163
2134;2164
2135;2165
2136;2166
2137;2167
2138;2168
2139;2169
2140;2170
2141;2171
2142;2172
2143;2173
2144;2174
2145;2175
2146;2176
2147;2177
2148;2178
2149;2179
2150;2180
2151;2181
2152;2182
2153;2183
2154;2184
2155;2185
2156;2186
2157;2187
2158;2188
2159;2189
2160;2190
2161;2191
2162;2192
2163;2193
2164;2194
2165;2195
2166;2196
2167;2197
2168;2198
2169;2199
2170;2200
2171;2201
2172;2202
2173;2203
2174;2204
2175;2205
2176;2206
2177;2207
2178;2208
2179;2209
2180;2210
2181;2211
2182;2212
2183;2213
2184;2214
2185;2215
2186;2216
2187;2217
2188;2218
2189;2219
2190;2220
2191;2221
2192;2222
2193;2223
2194;2224
2195;2225
2196;2226
2197;2227
2198;2228
2199;2229
2200;2230
2201;2231
2202;2232
2203;2233
2204;2234
2205;2235
2206;2236
2207;2237
2208;2238
2209;2239
2210;2240
2211;2241
2212;2242
2213;2243
2214;2244
2215;2245
2216;2246
2217;2247
2218;2248
2219;2249
2220;2250
2221;2251
2222;2252
2223;2253
2224;2254
2225;2255
2226;2256
2227;2257
2228;2258
2229;2259
2230;2260
2231;2261
2232;2262
2233;2263
2234;2264
2235;2265
2236;2266
2237;2267
2238;2268
2239;2269
2240;2270
2241;2271
2242;2272
2243;2273
2244;2274
2245;2275
2246;2276
2247;2277
2248;2278
2249;2279
2250;2280
2251;2281
2252;2282
2253;2283
2254;2284
2255;2285
2256;2286
2257;2287
2258;2288
2259;2289
2260;2290
2261;2291
2262;2292
2263;2293
2264;2294
2265;2295
2266;2296
2267;2297
2268;2298
2269;2299
2270;2300
2271;2301
2272;2302
2273;2303
2274;2304
2275;2305
2276;2306
2277;2307
2278;2308
2279;2309
2280;2310
2281;2311
2282;2312
2283;2313
2284;2314
2285;2315
2286;2316
2287;2317
2288;2318
2289;2319
2290;2320
2291;2321
2292;2322
2293;2323
2294;2324
2295;2325
2296;2326
2297;2327
2298;2328
2299;2329
2300;2330
2301;2331
2302;2332
2303;2333
2304;2334
2305;2335
2306;2336
2307;2337
2308;2338
2309;2339
2310;2340
2311;2341
2312;2342
2313;2343
2314;2344
2315;2345
2316;2346
2317;2347
2318;2348
2319;2349
2320;2350
2321;2351
2322;2352
2323;2353
2324;2354
2325;2355
2326;2356
2327;2357
2328;2358
2329;2359
2330;2360
2331;2361
2332;2362
2333;2363
2334;2364
2335;2365
2336;2366
2337;2367
2338;2368
2339;2369
2340;2370
2341;2371
2342;2372
2343;2373
2344;2374
2345;2375
2346;2376
2347;2377
2348;2378
2349;2379
2350;2380
2351;2381
2352;2382
2353;2383
2354;2384
2355;2385
2356;2386
2357;2387
2358;2388
2359;2389
2360;2390
2361;2391
2362;2392
2363;2393
2364;2394
2365;2395
2366;2396
2367;2397
2368;2398
2369;2399
2370;2400
2371;2401
2372;2402
2373;2403
2374;2404
2375;2405
2376;2406
2377;2407
2378;2408
2379;2409
2380;2410
2381;2411
2382;2412
2383;2413
2384;2414
2385;2415
2386;2416
2387;2417
2388;2418
2389;2419
2390;2420
2391;2421
2392;2422
2393;2423
2394;2424
2395;2425
2396;2426
2397;2427
2398;2428
2399;2429
2400;2430
2401;2431
2402;2432
2403;2433
2404;2434
2405;2435
2406;2436
2407;2437
2408;2438
2409;2439
2410;2440
2411;2441
2412;2442
2413;2443
2414;2444
2415;2445
2416;2446
2417;2447
2418;2448
2419;2449
2420;2450
2421;2451
2422;2452
2423;2453
2424;2454
2425;2455
2426;2456
2427;2457
2428;2458
2429;2459
2430;2460
2431;2461
2432;2462
2433;2463
2434;2464
2435;2465
2436;2466
2437;2467
2438;2468
2439;2469
2440;2470
2441;2471
2442;2472
2443;2473
2444;2474
2445;2475
2446;2476
2447;2477
2448;2478
2449;2479
2450;2480
2451;2481
2452;2482
2453;2483
2454;2484
2455;2485
2456;2486
2457;2487
2458;2488
2459;2489
2460;2490
2461;2491
2462;2492
2463;2493
2464;2494
2465;2495
2466;2496
2467;2497
2468;2498
2469;2499
2470;2500
2471;2501
2472;2502
2473;2503
2474;2504
2475;2505
2476;2506
2477;2507
2478;2508
2479;2509
2480;2510
2481;2511
2482;2512
2483;2513
2484;2514
2485;2515
2486;2516
2487;2517
2488;2518
2489;2519
2490;2520
2491;2521
2492;2522
2493;2523
2494;2524
2495;2525
2496;2526
2497;2527
2498;2528
2499;2529
2500;2530
2501;2531
2502;2532
2503;2533
2504;2534
2505;2535
2506;2536
2507;2537
2508;2538
2509;2539
2510;2540
2511;2541
2512;2542
2513;2543
2514;2544
2515;2545
2516;2546
2517;2547
2518;2548
2519;2549
2520;2550
2521;2551
2522;2552
2523;2553
2524;2554
2525;2555
2526;2556
2527;2557
2528;2558
2529;2559
2530;2560
2531;2561
2532;2562
2533;2563
2534;2564
2535;2565
2536;2566
2537;2567
2538;2568
2539;2569
2540;2570
2541;2571
2542;2572
2543;2573
2544;2574
2545;2575
2546;2576
2547;2577
2548;2578
2549;2579
2550;2580
2551;2581
2552;2582
2553;2583
2554;2584
2555;2585
2556;2586
2557;2587
2558;2588
2559;2589
2560;2590
2561;2591
2562;2592
2563;2593
2564;2594
2565;2595
2566;2596
2567;2597
2568;2598
2569;2599
2570;2600
2571;2601
2572;2602
2573;2603
2574;2604
2575;2605
2576;2606
2577;2607
2578;2608
2579;2609
2580;2610
2581;2611
2582;2612
2583;2613
2584;2614
2585;2615
2586;2616
2587;2617
2588;2618
2589;2619
2590;2620
2591;2621
2592;2622
2593;2623
2594;2624
2595;2625
2596;2626
2597;2627
2598;2628
2599;2629
2600;2630
2601;2631
2602;2632
2603;2633
2604;2634
2605;2635
2606;2636
2607;2637
2608;2638
2609;2639
2610;2640
2611;2641
2612;2642
2613;2643
2614;2644
2615;2645
2616;2646
2617;2647
2618;2648
2619;2649
2620;2650
2621;2651
2622;2652
2623;2653
2624;2654
2625;2655
2626;2656
2627;2657
2628;2658
2629;2659
2630;2660
2631;2661
2632;2662
2633;2663
2634;2664
2635;2665
2636;2666
2637;2667
2638;2668
2639;2669
2640;2670
2641;2671
2642;2672
2643;2673
2644;2674
2645;2675
2646;2676
2647;2677
2648;2678
2649;2679
2650;2680
2651;2681
2652;2682
2653;2683
2654;2684
2655;2685
2656;2686
2657;2687
2658;2688
2659;2689
2660;2690
2661;2691
2662;2692
2663;2693
2664;2694
2665;2695
2666;2696
2667;2697
2668;2698
2669;2699
2670;2700
2671;2701
2672;2702
2673;2703
2674;2704
2675;2705
2676;2706
2677;2707
2678;2708
2679;2709
2680;2710
2681;2711
2682;2712
2683;2713
2684;2714
2685;2715
2686;2716
2687;2717
2688;2718
2689;2719
2690;2720
2691;2721
2692;2722
2693;2723
2694;2724
2695;2725
2696;2726
2697;2727
2698;2728
2699;2729
2700;2730
2701;2731
2702;2732
2703;2733
2704;2734
2705;2735
2706;2736
2707;2737
2708;2738
2709;2739
2710;2740
2711;2741
2712;2742
2713;2743
2714;2744
2715;2745
2716;2746
2717;2747
2718;2748
2719;2749
2720;2750
2721;2751
2722;2752
2723;2753
2724;2754
2725;2755
2726;2756
2727;2757
2728;2758
2729;2759
2730;2760
2731;2761
2732;2762
2733;2763
2734;2764
2735;2765
2736;2766
2737;2767
2738;2768
2739;2769
2740;2770
2741;2771
2742;2772
2743;2773
2744;2774
2745;2775
2746;2776
2747;2777
2748;2778
2749;2779
2750;2780
2751;2781
2752;2782
2753;2783
2754;2784
2755;2785
2756;2786
2757;2787
2758;2788
2759;2789
2760;2790
2761;2791
2762;2792
2763;2793
2764;2794
2765;2795
2766;2796
2767;2797
2768;2798
2769;2799
2770;2800
2771;2801
2772;2802
2773;2803
2774;2804
2775;2805
2776;2806
2777;2807
2778;2808
2779;2809
2780;2810
2781;2811
2782;2812
2783;2813
2784;2814
2785;2815
2786;2816
2787;2817
2788;2818
2789;2819
2790;2820
2791;2821
2792;2822
2793;2823
2794;2824
2795;2825
2796;2826
2797;2827
2798;2828
2799;2829
2800;2830
2801;2831
2802;2832
2803;2833
2804;2834
2805;2835
2806;2836
2807;2837
2808;2838
2809;2839
2810;2840
2811;2841
2812;2842
2813;2843
2814;2844
2815;2845
2816;2846
2817;2847
2818;2848
2819;2849
2820;2850
2821;2851
2822;2852
2823;2853
2824;2854
2825;2855
2826;2856
2827;2857
2828;2858
2829;2859
2830;2860
2831;2861
2832;2862
2833;2863
2834;2864
2835;2865
2836;2866
2837;2867
2838;2868
2839;2869
2840;2870
2841;2871
2842;2872
2843;2873
2844;2874
2845;2875
2846;2876
2847;2877
2848;2878
2849;2879
2850;2880
2851;2881
2852;2882
2853;2883
2854;2884
2855;2885
2856;2886
2857;2887
2858;2888
2859;2889
2860;2890
2861;2891
2862;2892
2863;2893
2864;2894
2865;2895
2866;2896
2867;2897
2868;2898
2869;2899
2870;2900
2871;2901
2872;2902
2873;2903
2874;2904
2875;2905
2876;2906
2877;2907
2878;2908
2879;2909
2880;2910
2881;2911
2882;2912
2883;2913
2884;2914
2885;2915
2886;2916
2887;2917
2888;2918
2889;2919
2890;2920
2891;2921
2892;2922
2893;2923
2894;2924
2895;2925
2896;2926
2897;2927
2898;2928
2899;2929
2900;2930
2901;2931
2902;2932
2903;2933
2904;2934
2905;2935
2906;2936
2907;2937
2908;2938
2909;2939
2910;2940
2911;2941
2912;2942
2913;2943
2914;2944
2915;2945
2916;2946
2917;2947
2918;2948
2919;2949
2920;2950
2921;2951
2922;2952
2923;2953
2924;2954
2925;2955
2926;2956
2927;2957
2928;2958
2929;2959
2930;2960
2931;2961
2932;2962
2933;2963
2934;2964
2935;2965
2936;2966
2937;2967
2938;2968
2939;2969
2940;2970
2941;2971
2942;2972
2943;2973
2944;2974
2945;2975
2946;2976
2947;2977
2948;2978
2949;2979
2950;2980
2951;2981
2952;2982
2953;2983
2954;2984
2955;2985
2956;2986
2957;2987
2958;2988
2959;2989
2960;2990
2961;2991
2962;2992
2963;2993
2964;2994
2965;2995
2966;2996
2967;2997
2968;2998
2969;2999
2970;3000
2971;3001
2972;3002
2973;3003
2974;3004
2975;3005
2976;3006
2977;3007
2978;3008
2979;3009
2980;3010
2981;3011
2982;3012
2983;3013
2984;3014
2985;3015
2986;3016
2987;3017
2988;3018
2989;3019
2990;3020
2991;3021
2992;3022
2993;3023
2994;3024
2995;3025
2996;3026
2997;3027
2998;3028
2999;3029
3000;3030
3001;3031
3002;3032
3003;3033
3004;3034
3005;3035
3006;3036
3007;3037
3008;3038
3009;3039
3010;3040
3011;3041
3012;3042
3013;3043
3014;3044
3015;3045
3016;3046
3017;3047
3018;3048
3019;3049
3020;3050
3021;3051
3022;3052
3023;3053
3024;3054
3025;3055
3026;3056
3027;3057
3028;3058
3029;3059
3030;3060
3031;3061
3032;3062
3033;3063
3034;3064
3035;3065
3036;3066
3037;3067
3038;3068
3039;3069
3040;3070
3041;3071
3042;3072
3043;3073
3044;3074
3045;3075
3046;3076
3047;3077
3048;3078
3049;3079
3050;3080
3051;3081
3052;3082
3053;3083
3054;3084
3055;3085
3056;3086
3057;3087
3058;3088
3059;3089
3060;3090
3061;3091
3062;3092
3063;3093
3064;3094
3065;3095
3066;3096
3067;3097
3068;3098
3069;3099
3070;3100
3071;3101
3072;3102
3073;3103
3074;3104
3075;3105
3076;3106
3077;3107
3078;3108
3079;3109
3080;3110
3081;3111
3082;3112
3083;3113
3084;3114
3085;3115
3086;3116
3087;3117
3088;3118
3089;3119
3090;3120
3091;3121
3092;3122
3093;3123
3094;3124
3095;3125
3096;3126
3097;3127
3098;3128
3099;3129
3100;3130
3101;3131
3102;3132
3103;3133
3104;3134
3105;3135
3106;3136
3107;3137
3108;3138
3109;3139
3110;3140
3111;3141
3112;3142
3113;3143
3114;3144
3115;3145
3116;3146
3117;3147
3118;3148
3119;3149
3120;3150
3121;3151
3122;3152
3123;3153
3124;3154
3125;3155
3126;3156
3127;3157
3128;3158
3129;3159
3130;3160
3131;3161
3132;3162
3133;3163
3134;3164
3135;3165
3136;3166
3137;3167
3138;3168
3139;3169
3140;3170
3141;3171
3142;3172
3143;3173
3144;3174
3145;3175
3146;3176
3147;3177
3148;3178
3149;3179
3150;3180
3151;3181
3152;3182
3153;3183
3154;3184
3155;3185
3156;3186
3157;3187
3158;3188
3159;3189
3160;3190
3161;3191
3162;3192
3163;3193
3164;3194
3165;3195
3166;3196
3167;3197
3168;3198
3169;3199
3170;3200
3171;3201
3172;3202
3173;3203
3174;3204
3175;3205
3176;3206
3177;3207
3178;3208
3179;3209
3180;3210
3181;3211
3182;3212
3183;3213
3184;3214
3185;3215
3186;3216
3187;3217
3188;3218
3189;3219
3190;3220
3191;3221
3192;3222
3193;3223
3194;3224
3195;3225
3196;3226
3197;3227
3198;3228
3199;3229
3200;3230
3201;3231
3202;3232
3203;3233
3204;3234
3205;3235
3206;3236
3207;3237
3208;3238
3209;3239
3210;3240
3211;3241
3212;3242
3213;3243
3214;3244
3215;3245
3216;3246
3217;3247
3218;3248
3219;3249
3220;3250
3221;3251
3222;3252
3223;3253
3224;3254
3225;3255
3226;3256
3227;3257
3228;3258
3229;3259
3230;3260
3231;3261
3232;3262
3233;3263
3234;3264
3235;3265
3236;3266
3237;3267
3238;3268
3239;3269
3240;3270
3241;3271
3242;3272
3243;3273
3244;3274
3245;3275
3246;3276
3247;3277
3248;3278
3249;3279
3250;3280
3251;3281
3252;3282
3253;3283
3254;3284
3255;3285
3256;3286
3257;3287
3258;3288
3259;3289
3260;3290
3261;3291
3262;3292
3263;3293
3264;3294
3265;3295
3266;3296
3267;3297
3268;3298
3269;3299
3270;3300
3271;3301
3272;3302
3273;3303
3274;3304
3275;3305
3276;3306
3277;3307
3278;3308
3279;3309
3280;3310
3281;3311
3282;3312
3283;3313
3284;3314
3285;3315
3286;3316
3287;3317
3288;3318
3289;3319
3290;3320
3291;3321
3292;3322
3293;3323
3294;3324
3295;3325
3296;3326
3297;3327
3298;3328
3299;3329
3300;3330
3301;3331
3302;3332
3303;3333
3304;3334
3305;3335
3306;3336
3307;3337
3308;3338
3309;3339
3310;3340
3311;3341
3312;3342
3313;3343
3314;3344
3315;3345
3316;3346
3317;3347
3318;3348
3319;3349
3320;3350
3321;3351
3322;3352
3323;3353
3324;3354
3325;3355
3326;3356
3327;3357
3328;3358
3329;3359
3330;3360
3331;3361
3332;3362
3333;3363
3334;3364
3335;3365
3336;3366
3337;3367
3338;3368
3339;3369
3340;3370
3341;3371
3342;3372
3343;3373
3344;3374
3345;3375
3346;3376
3347;3377
3348;3378
3349;3379
3350;3380
3351;3381
3352;3382
3353;3383
3354;3384
3355;3385
3356;3386
3357;3387
3358;3388
3359;3389
3360;3390
3361;3391
3362;3392
3363;3393
3364;3394
3365;3395
3366;3396
3367;3397
3368;3398
3369;3399
3370;3400
3371;3401
3372;3402
3373;3403
3374;3404
3375;3405
3376;3406
3377;3407
3378;3408
3379;3409
3380;3410
3381;3411
3382;3412
3383;3413
3384;3414
3385;3415
3386;3416
3387;3417
3388;3418
3389;3419
3390;3420
3391;3421
3392;3422
3393;3423
3394;3424
3395;3425
3396;3426
3397;3427
3398;3428
3399;3429
3400;3430
3401;3431
3402;3432
3403;3433
3404;3434
3405;3435
3406;3436
3407;3437
3408;3438
3409;3439
3410;3440
3411;3441
3412;3442
3413;3443
3414;3444
3415;3445
3416;3446
3417;3447
3418;3448
3419;3449
3420;3450
3421;3451
3422;3452
3423;3453
3424;3454
3425;3455
3426;3456
3427;3457
3428;3458
3429;3459
3430;3460
3431;3461
3432;3462
3433;3463
3434;3464
3435;3465
3436;3466
3437;3467
3438;3468
3439;3469
3440;3470
3441;3471
3442;3472
3443;3473
3444;3474
3445;3475
3446;3476
3447;3477
3448;3478
3449;3479
3450;3480
3451;3481
3452;3482
3453;3483
3454;3484
3455;3485
3456;3486
3457;3487
3458;3488
3459;3489
3460;3490
3461;3491
3462;3492
3463;3493
3464;3494
3465;3495
3466;3496
3467;3497
3468;3498
3469;3499
3470;3500
3471;3501
3472;3502
3473;3503
3474;3504
3475;3505
3476;3506
3477;3507
3478;3508
3479;3509
3480;3510
3481;3511
3482;3512
3483;3513
3484;3514
3485;3515
3486;3516
3487;3517
3488;3518
3489;3519
3490;3520
3491;3521
3492;3522
3493;3523
3494;3524
3495;3525
3496;3526
3497;3527
3498;3528
3499;3529
3500;3530
3501;3531
3502;3532
3503;3533
3504;3534
3505;3535
3506;3536
3507;3537
3508;3538
3509;3539
3510;3540
3511;3541
3512;3542
3513;3543
3514;3544
3515;3545
3516;3546
3517;3547
3518;3548
3519;3549
3520;3550
3521;3551
3522;3552
3523;3553
3524;3554
3525;3555
3526;3556
3527;3557
3528;3558
3529;3559
3530;3560
3531;3561
3532;3562
3533;3563
3534;3564
3535;3565
3536;3566
3537;3567
3538;3568
3539;3569
3540;3570
3541;3571
3542;3572
3543;3573
3544;3574
3545;3575
3546;3576
3547;3577
3548;3578
3549;3579
3550;3580
3551;3581
3552;3582
3553;3583
3554;3584
3555;3585
3556;3586
3557;3587
3558;3588
3559;3589
3560;3590
3561;3591
3562;3592
3563;3593
3564;3594
3565;3595
3566;3596
3567;3597
3568;3598
3569;3599
3570;3600
3571;3601
3572;3602
3573;3603
3574;3604
3575;3605
3576;3606
3577;3607
3578;3608
3579;3609
3580;3610
3581;3611
3582;3612
3583;3613
3584;3614
3585;3615
3586;3616
3587;3617
3588;3618
3589;3619
3590;3620
3591;3621
3592;3622
3593;3623
3594;3624
3595;3625
3596;3626
3597;3627
3598;3628
3599;3629
3600;3630
3601;3631
3602;3632
3603;3633
3604;3634
3605;3635
3606;3636
3607;3637
3608;3638
3609;3639
3610;3640
3611;3641
3612;3642
3613;3643
3614;3644
3615;3645
3616;3646
3617;3647
3618;3648
3619;3649
3620;3650
3621;3651
3622;3652
3623;3653
3624;3654
3625;3655
3626;3656
3627;3657
3628;3658
3629;3659
3630;3660
3631;3661
3632;3662
3633;3663
3634;3664
3635;3665
3636;3666
3637;3667
3638;3668
3639;3669
3640;3670
3641;3671
3642;3672
3643;3673
3644;3674
3645;3675
3646;3676
3647;3677
3648;3678
3649;3679
3650;3680
3651;3681
3652;3682
3653;3683
3654;3684
3655;3685
3656;3686
3657;3687
3658;3688
3659;3689
3660;3690
3661;3691
3662;3692
3663;3693
3664;3694
3665;3695
3666;3696
3667;3697
3668;3698
3669;3699
3670;3700
3671;3701
3672;3702
3673;3703
3674;3704
3675;3705
3676;3706
3677;3707
3678;3708
3679;3709
3680;3710
3681;3711
3682;3712
3683;3713
3684;3714
3685;3715
3686;3716
3687;3717
3688;3718
3689;3719
3690;3720
3691;3721
3692;3722
3693;3723
3694;3724
3695;3725
3696;3726
3697;3727
3698;3728
3699;3729
3700;3730
3701;3731
3702;3732
3703;3733
3704;3734
3705;3735
3706;3736
3707;3737
3708;3738
3709;3739
3710;3740
3711;3741
3712;3742
3713;3743
3714;3744
3715;3745
3716;3746
3717;3747
3718;3748
3719;3749
3720;3750
3721;3751
3722;3752
3723;3753
3724;3754
3725;3755
3726;3756
3727;3757
3728;3758
3729;3759
3730;3760
3731;3761
3732;3762
3733;3763
3734;3764
3735;3765
3736;3766
3737;3767
3738;3768
3739;3769
3740;3770
3741;3771
3742;3772
3743;3773
3744;3774
3745;3775
3746;3776
3747;3777
3748;3778
3749;3779
3750;3780
3751;3781
3752;3782
3753;3783
3754;3784
3755;3785
3756;3786
3757;3787
3758;3788
3759;3789
3760;3790
3761;3791
3762;3792
3763;3793
3764;3794
3765;3795
3766;3796
3767;3797
3768;3798
3769;3799
3770;3800
3771;3801
3772;3802
3773;3803
3774;3804
3775;3805
3776;3806
3777;3807
3778;3808
3779;3809
3780;3810
3781;3811
3782;3812
3783;3813
3784;3814
3785;3815
3786;3816
3787;3817
3788;3818
3789;3819
3790;3820
3791;3821
3792;3822
3793;3823
3794;3824
3795;3825
3796;3826
3797;3827
3798;3828
3799;3829
3800;3830
3801;3831
3802;3832
3803;3833
3804;3834
3805;3835
3806;3836
3807;3837
3808;3838
3809;3839
3810;3840
3811;3841
3812;3842
3813;3843
3814;3844
3815;3845
3816;3846
3817;3847
3818;3848
3819;3849
3820;3850
3821;3851
3822;3852
3823;3853
3824;3854
3825;3855
3826;3856
3827;3857
3828;3858
3829;3859
3830;3860
3831;3861
3832;3862
3833;3863
3834;3864
3835;3865
3836;3866
3837;3867
3838;3868
3839;3869
3840;3870
3841;3871
3842;3872
3843;3873
3844;3874
3845;3875
3846;3876
3847;3877
3848;3878
3849;3879
3850;3880
3851;3881
3852;3882
3853;3883
3854;3884
3855;3885
3856;3886
3857;3887
3858;3888
3859;3889
3860;3890
3861;3891
3862;3892
3863;3893
3864;3894
3865;3895
3866;3896
3867;3897
3868;3898
3869;3899
3870;3900
3871;3901
3872;3902
3873;3903
3874;3904
3875;3905
3876;3906
3877;3907
3878;3908
3879;3909
3880;3910
3881;3911
3882;3912
3883;3913
3884;3914
3885;3915
3886;3916
3887;3917
3888;3918
3889;3919
3890;3920
3891;3921
3892;3922
3893;3923
3894;3924
3895;3925
3896;3926
3897;3927
3898;3928
3899;3929
3900;3930
3901;3931
3902;3932
3903;3933
3904;3934
3905;3935
3906;3936
3907;3937
3908;3938
3909;3939
3910;3940
3911;3941
3912;3942
3913;3943
3914;3944
3915;3945
3916;3946
3917;3947
3918;3948
3919;3949
3920;3950
3921;3951
3922;3952
3923;3953
3924;3954
3925;3955
3926;3956
3927;3957
3928;3958
3929;3959
3930;3960
3931;3961
3932;3962
3933;3963
3934;3964
3935;3965
3936;3966
3937;3967
3938;3968
3939;3969
3940;3970
3941;3971
3942;3972
3943;3973
3944;3974
3945;3975
3946;3976
3947;3977
3948;3978
3949;3979
3950;3980
3951;3981
3952;3982
3953;3983
3954;3984
3955;3985
3956;3986
3957;3987
3958;3988
3959;3989
3960;3990
3961;3991
3962;3992
3963;3993
3964;3994
3965;3995
3966;3996
3967;3997
3968;3998
3969;3999
3970;4000
3971;4001
3972;4002
3973;4003
3974;4004
3975;4005
3976;4006
3977;4007
3978;4008
3979;4009
3980;4010
3981;4011
3982;4012
3983;4013
3984;4014
3985;4015
3986;4016
3987;4017
3988;4018
3989;4019
3990;4020
3991;4021
3992;4022
3993;4023
3994;4024
3995;4025
3996;4026
3997;4027
3998;4028
3999;4029
4000;4030
4001;4031
4002;4032
4003;4033
4004;4034
4005;4035
4006;4036
4007;4037
4008;4038
4009;4039
4010;4040
4011;4041
4012;4042
4013;4043
4014;4044
4015;4045
4016;4046
4017;4047
4018;4048
4019;4049
4020;4050
4021;4051
4022;4052
4023;4053
4024;4054
4025;4055
4026;4056
4027;4057
4028;4058
4029;4059
4030;4060
4031;4061
4032;4062
4033;4063
4034;4064
4035;4065
4036;4066
4037;4067
4038;4068
4039;4069
4040;4070
4041;4071
4042;4072
4043;4073
4044;4074
4045;4075
4046;4076
4047;4077
4048;4078
4049;4079
4050;4080
4051;4081
4052;4082
4053;4083
4054;4084
4055;4085
4056;4086
4057;4087
4058;4088
4059;4089
4060;4090
4061;4091
4062;4092
4063;4093
4064;4094
4065;4095
4066;4096
4067;4097
4068;4098
4069;4099
4070;4100
4071;4101
4072;4102
4073;4103
4074;4104
4075;4105
4076;4106
4077;4107
4078;4108
4079;4109
4080;4110
4081;4111
4082;4112
4083;4113
4084;4114
4085;4115
4086;4116
4087;4117
4088;4118
4089;4119
4090;4120
4091;4121
4092;4122
4093;4123
4094;4124
4095;4125
4096;4126
4097;4127
4098;4128
4099;4129
4100;4130
4101;4131
4102;4132
4103;4133
4104;4134
4105;4135
4106;4136
4107;4137
4108;4138
4109;4139
4110;4140
4111;4141
4112;4142
4113;4143
4114;4144
4115;4145
4116;4146
4117;4147
4118;4148
4119;4149
4120;4150
4121;4151
4122;4152
4123;4153
4124;4154
4125;4155
4126;4156
4127;4157
4128;4158
4129;4159
4130;4160
4131;4161
4132;4162
4133;4163
4134;4164
4135;4165
4136;4166
4137;4167
4138;4168
4139;4169
4140;4170
4141;4171
4142;4172
4143;4173
4144;4174
4145;4175
4146;4176
4147;4177
4148;4178
4149;4179
4150;4180
4151;4181
4152;4182
4153;4183
4154;4184
4155;4185
4156;4186
4157;4187
4158;4188
4159;4189
4160;4190
4161;4191
4162;4192
4163;4193
4164;4194
4165;4195
4166;4196
4167;4197
4168;4198
4169;4199
4170;4200
4171;4201
4172;4202
4173;4203
4174;4204
4175;4205
4176;4206
4177;4207
4178;4208
4179;4209
4180;4210
4181;4211
4182;4212
4183;4213
4184;4214
4185;4215
4186;4216
4187;4217
4188;4218
4189;4219
4190;4220
4191;4221
4192;4222
4193;4223
4194;4224
4195;4225
4196;4226
4197;4227
4198;4228
4199;4229
4200;4230
4201;4231
4202;4232
4203;4233
4204;4234
4205;4235
4206;4236
4207;4237
4208;4238
4209;4239
4210;4240
4211;4241
4212;4242
4213;4243
4214;4244
4215;4245
4216;4246
4217;4247
4218;4248
4219;4249
4220;4250
4221;4251
4222;4252
4223;4253
4224;4254
4225;4255
4226;4256
4227;4257
4228;4258
4229;4259
4230;4260
4231;4261
4232;4262
4233;4263
4234;4264
4235;4265
4236;4266
4237;4267
4238;4268
4239;4269
4240;4270
4241;4271
4242;4272
4243;4273
4244;4274
4245;4275
4246;4276
4247;4277
4248;4278
4249;4279
4250;4280
4251;4281
4252;4282
4253;4283
4254;4284
4255;4285
4256;4286
4257;4287
4258;4288
4259;4289
4260;4290
4261;4291
4262;4292
4263;4293
4264;4294
4265;4295
4266;4296
4267;4297
4268;4298
4269;4299
4270;4300
4271;4301
4272;4302
4273;4303
4274;4304
4275;4305
4276;4306
4277;4307
4278;4308
4279;4309
4280;4310
4281;4311
4282;4312
4283;4313
4284;4314
4285;4315
4286;4316
4287;4317
4288;4318
4289;4319
4290;4320
4291;4321
4292;4322
4293;4323
4294;4324
4295;4325
4296;4326
4297;4327
4298;4328
4299;4329
4300;4330
4301;4331
4302;4332
4303;4333
4304;4334
4305;4335
4306;4336
4307;4337
4308;4338
4309;4339
4310;4340
4311;4341
4312;4342
4313;4343
4314;4344
4315;4345
4316;4346
4317;4347
4318;4348
4319;4349
4320;4350
4321;4351
4322;4352
4323;4353
4324;4354
4325;4355
4326;4356
4327;4357
4328;4358
4329;4359
4330;4360
4331;4361
4332;4362
4333;4363
4334;4364
4335;4365
4336;4366
4337;4367
4338;4368
4339;4369
4340;4370
4341;4371
4342;4372
4343;4373
4344;4374
4345;4375
4346;4376
4347;4377
4348;4378
4349;4379
4350;4380
4351;4381
4352;4382
4353;4383
4354;4384
4355;4385
4356;4386
4357;4387
4358;4388
4359;4389
4360;4390
4361;4391
4362;4392
4363;4393
4364;4394
4365;4395
4366;4396
4367;4397
4368;4398
4369;4399
4370;4400
4371;4401
4372;4402
4373;4403
4374;4404
4375;4405
4376;4406
4377;4407
4378;4408
4379;4409
4380;4410
4381;4411
4382;4412
4383;4413
4384;4414
4385;4415
4386;4416
4387;4417
4388;4418
4389;4419
4390;4420
4391;4421
4392;4422
4393;4423
4394;4424
4395;4425
4396;4426
4397;4427
4398;4428
4399;4429
4400;4430
4401;4431
4402;4432
4403;4433
4404;4434
4405;4435
4406;4436
4407;4437
4408;4438
4409;4439
4410;4440
4411;4441
4412;4442
4413;4443
4414;4444
4415;4445
4416;4446
4417;4447
4418;4448
4419;4449
4420;4450
4421;4451
4422;4452
4423;4453
4424;4454
4425;4455
4426;4456
4427;4457
4428;4458
4429;4459
4430;4460
4431;4461
4432;4462
4433;4463
4434;4464
4435;4465
4436;4466
4437;4467
4438;4468
4439;4469
4440;4470
4441;4471
4442;4472
4443;4473
4444;4474
4445;4475
4446;4476
4447;4477
4448;4478
4449;4479
4450;4480
4451;4481
4452;4482
4453;4483
4454;4484
4455;4485
4456;4486
4457;4487
4458;4488
4459;4489
4460;4490
4461;4491
4462;4492
4463;4493
4464;4494
4465;4495
4466;4496
4467;4497
4468;4498
4469;4499
4470;4500
4471;4501
4472;4502
4473;4503
4474;4504
4475;4505
4476;4506
4477;4507
4478;4508
4479;4509
4480;4510
4481;4511
4482;4512
4483;4513
4484;4514
4485;4515
4486;4516
4487;4517
4488;4518
4489;4519
4490;4520
4491;4521
4492;4522
4493;4523
4494;4524
4495;4525
4496;4526
4497;4527
4498;4528
4499;4529
4500;4530
4501;4531
4502;4532
4503;4533
4504;4534
4505;4535
4506;4536
4507;4537
4508;4538
4509;4539
4510;4540
4511;4541
4512;4542
4513;4543
4514;4544
4515;4545
4516;4546
4517;4547
4518;4548
4519;4549
4520;4550
4521;4551
4522;4552
4523;4553
4524;4554
4525;4555
4526;4556
4527;4557
4528;4558
4529;4559
4530;4560
4531;4561
4532;4562
4533;4563
4534;4564
4535;4565
4536;4566
4537;4567
4538;4568
4539;4569
4540;4570
4541;4571
4542;4572
4543;4573
4544;4574
4545;4575
4546;4576
4547;4577
4548;4578
4549;4579
4550;4580
4551;4581
4552;4582
4553;4583
4554;4584
4555;4585
4556;4586
4557;4587
4558;4588
4559;4589
4560;4590
4561;4591
4562;4592
4563;4593
4564;4594
4565;4595
4566;4596
4567;4597
4568;4598
4569;4599
4570;4600
4571;4601
4572;4602
4573;4603
4574;4604
4575;4605
4576;4606
4577;4607
4578;4608
4579;4609
4580;4610
4581;4611
4582;4612
4583;4613
4584;4614
4585;4615
4586;4616
4587;4617
4588;4618
4589;4619
4590;4620
4591;4621
4592;4622
4593;4623
4594;4624
4595;4625
4596;4626
4597;4627
4598;4628
4599;4629
4600;4630
4601;4631
4602;4632
4603;4633
4604;4634
4605;4635
4606;4636
4607;4637
4608;4638
4609;4639
4610;4640
4611;4641
4612;4642
4613;4643
4614;4644
4615;4645
4616;4646
4617;4647
4618;4648
4619;4649
4620;4650
4621;4651
4622;4652
4623;4653
4624;4654
4625;4655
4626;4656
4627;4657
4628;4658
4629;4659
4630;4660
4631;4661
4632;4662
4633;4663
4634;4664
4635;4665
4636;4666
4637;4667
4638;4668
4639;4669
4640;4670
4641;4671
4642;4672
4643;4673
4644;4674
4645;4675
4646;4676
4647;4677
4648;4678
4649;4679
4650;4680
4651;4681
4652;4682
4653;4683
4654;4684
4655;4685
4656;4686
4657;4687
4658;4688
4659;4689
4660;4690
4661;4691
4662;4692
4663;4693
4664;4694
4665;4695
4666;4696
4667;4697
4668;4698
4669;4699
4670;4700
4671;4701
4672;4702
4673;4703
4674;4704
4675;4705
4676;4706
4677;4707
4678;4708
4679;4709
4680;4710
4681;4711
4682;4712
4683;4713
4684;4714
4685;4715
4686;4716
4687;4717
4688;4718
4689;4719
4690;4720
4691;4721
4692;4722
4693;4723
4694;4724
4695;4725
4696;4726
4697;4727
4698;4728
4699;4729
4700;4730
4701;4731
4702;4732
4703;4733
4704;4734
4705;4735
4706;4736
4707;4737
4708;4738
4709;4739
4710;4740
4711;4741
4712;4742
4713;4743
4714;4744
4715;4745
4716;4746
4717;4747
4718;4748
4719;4749
4720;4750
4721;4751
4722;4752
4723;4753
4724;4754
4725;4755
4726;4756
4727;4757
4728;4758
4729;4759
4730;4760
4731;4761
4732;4762
4733;4763
4734;4764
4735;4765
4736;4766
4737;4767
4738;4768
4739;4769
4740;4770
4741;4771
4742;4772
4743;4773
4744;4774
4745;4775
4746;4776
4747;4777
4748;4778
4749;4779
4750;4780
4751;4781
4752;4782
4753;4783
4754;4784
4755;4785
4756;4786
4757;4787
4758;4788
4759;4789
4760;4790
4761;4791
4762;4792
4763;4793
4764;4794
4765;4795
4766;4796
4767;4797
4768;4798
4769;4799
4770;4800
4771;4801
4772;4802
4773;4803
4774;4804
4775;4805
4776;4806
4777;4807
4778;4808
4779;4809
4780;4810
4781;4811
4782;4812
4783;4813
4784;4814
4785;4815
4786;4816
4787;4817
4788;4818
4789;4819
4790;4820
4791;4821
4792;4822
4793;4823
4794;4824
4795;4825
4796;4826
4797;4827
4798;4828
4799;4829
4800;4830
4801;4831
4802;4832
4803;4833
4804;4834
4805;4835
4806;4836
4807;4837
4808;4838
4809;4839
4810;4840
4811;4841
4812;4842
4813;4843
4814;4844
4815;4845
4816;4846
4817;4847
4818;4848
4819;4849
4820;4850
4821;4851
4822;4852
4823;4853
4824;4854
4825;4855
4826;4856
4827;4857
4828;4858
4829;4859
4830;4860
4831;4861
4832;4862
4833;4863
4834;4864
4835;4865
4836;4866
4837;4867
4838;4868
4839;4869
4840;4870
4841;4871
4842;4872
4843;4873
4844;4874
4845;4875
4846;4876
4847;4877
4848;4878
4849;4879
4850;4880
4851;4881
4852;4882
4853;4883
4854;4884
4855;4885
4856;4886
4857;4887
4858;4888
4859;4889
4860;4890
4861;4891
4862;4892
4863;4893
4864;4894
4865;4895
4866;4896
4867;4897
4868;4898
4869;4899
4870;4900
4871;4901
4872;4902
4873;4903
4874;4904
4875;4905
4876;4906
4877;4907
4878;4908
4879;4909
4880;4910
4881;4911
4882;4912
4883;4913
4884;4914
4885;4915
4886;4916
4887;4917
4888;4918
4889;4919
4890;4920
4891;4921
4892;4922
4893;4923
4894;4924
4895;4925
4896;4926
4897;4927
4898;4928
4899;4929
4900;4930
4901;4931
4902;4932
4903;4933
4904;4934
4905;4935
4906;4936
4907;4937
4908;4938
4909;4939
4910;4940
4911;4941
4912;4942
4913;4943
4914;4944
4915;4945
4916;4946
4917;4947
4918;4948
4919;4949
4920;4950
4921;4951
4922;4952
4923;4953
4924;4954
4925;4955
4926;4956
4927;4957
4928;4958
4929;4959
4930;4960
4931;4961
4932;4962
4933;4963
4934;4964
4935;4965
4936;4966
4937;4967
4938;4968
4939;4969
4940;4970
4941;4971
4942;4972
4943;4973
4944;4974
4945;4975
4946;4976
4947;4977
4948;4978
4949;4979
4950;4980
4951;4981
4952;4982
4953;4983
4954;4984
4955;4985
4956;4986
4957;4987
4958;4988
4959;4989
4960;4990
4961;4991
4962;4992
4963;4993
4964;4994
4965;4995
4966;4996
4967;4997
4968;4998
4969;4999
4970;5000
4971;5001
4972;5002
4973;5003
4974;5004
4975;5005
4976;5006
4977;5007
4978;5008
4979;5009
4980;5010
4981;5011
4982;5012
4983;5013
4984;5014
4985;5015
4986;5016
4987;5017
4988;5018
4989;5019
4990;5020
4991;5021
4992;5022
4993;5023
4994;5024
4995;5025
4996;5026
4997;5027
4998;5028
4999;5029
5000;5030
5001;5031
5002;5032
5003;5033
5004;5034
5005;5035
5006;5036
5007;5037
5008;5038
5009;5039
5010;5040
5011;5041
5012;5042
5013;5043
5014;5044
5015;5045
5016;5046
5017;5047
5018;5048
5019;5049
5020;5050
5021;5051
5022;5052
5023;5053
5024;5054
5025;5055
5026;5056
5027;5057
5028;5058
5029;5059
5030;5060
5031;5061
5032;5062
5033;5063
5034;5064
5035;5065
5036;5066
5037;5067
5038;5068
5039;5069
5040;5070
5041;5071
5042;5072
5043;5073
5044;5074
5045;5075
5046;5076
5047;5077
5048;5078
5049;5079
5050;5080
5051;5081
5052;5082
5053;5083
5054;5084
5055;5085
5056;5086
5057;5087
5058;5088
5059;5089
5060;5090
5061;5091
5062;5092
5063;5093
5064;5094
5065;5095
5066;5096
5067;5097
5068;5098
5069;5099
5070;5100
5071;5101
5072;5102
5073;5103
5074;5104
5075;5105
5076;5106
5077;5107
5078;5108
5079;5109
5080;5110
5081;5111
5082;5112
5083;5113
5084;5114
5085;5115
5086;5116
5087;5117
5088;5118
5089;5119
5090;5120
5091;5121
5092;5122
5093;5123
5094;5124
5095;5125
5096;5126
5097;5127
5098;5128
5099;5129
5100;5130
5101;5131
5102;5132
5103;5133
5104;5134
5105;5135
5106;5136
5107;5137
5108;5138
5109;5139
5110;5140
5111;5141
5112;5142
5113;5143
5114;5144
5115;5145
5116;5146
5117;5147
5118;5148
5119;5149
5120;5150
5121;5151
5122;5152
5123;5153
5124;5154
5125;5155
5126;5156
5127;5157
5128;5158
5129;5159
5130;5160
5131;5161
5132;5162
5133;5163
5134;5164
5135;5165
5136;5166
5137;5167
5138;5168
5139;5169
5140;5170
5141;5171
5142;5172
5143;5173
5144;5174
5145;5175
5146;5176
5147;5177
5148;5178
5149;5179
5150;5180
5151;5181
5152;5182
5153;5183
5154;5184
5155;5185
5156;5186
5157;5187
5158;5188
5159;5189
5160;5190
5161;5191
5162;5192
5163;5193
5164;5194
5165;5195
5166;5196
5167;5197
5168;5198
5169;5199
5170;5200
5171;5201
5172;5202
5173;5203
5174;5204
5175;5205
5176;5206
5177;5207
5178;5208
5179;5209
5180;5210
5181;5211
5182;5212
5183;5213
5184;5214
5185;5215
5186;5216
5187;5217
5188;5218
5189;5219
5190;5220
5191;5221
5192;5222
5193;5223
5194;5224
5195;5225
5196;5226
5197;5227
5198;5228
5199;5229
5200;5230
5201;5231
5202;5232
5203;5233
5204;5234
5205;5235
5206;5236
5207;5237
5208;5238
5209;5239
5210;5240
5211;5241
5212;5242
5213;5243
5214;5244
5215;5245
5216;5246
5217;5247
5218;5248
5219;5249
5220;5250
5221;5251
5222;5252
5223;5253
5224;5254
5225;5255
5226;5256
5227;5257
5228;5258
5229;5259
5230;5260
5231;5261
5232;5262
5233;5263
5234;5264
5235;5265
5236;5266
5237;5267
5238;5268
5239;5269
5240;5270
5241;5271
5242;5272
5243;5273
5244;5274
5245;5275
5246;5276
5247;5277
5248;5278
5249;5279
5250;5280
5251;5281
5252;5282
5253;5283
5254;5284
5255;5285
5256;5286
5257;5287
5258;5288
5259;5289
5260;5290
5261;5291
5262;5292
5263;5293
5264;5294
5265;5295
5266;5296
5267;5297
5268;5298
5269;5299
5270;5300
5271;5301
5272;5302
5273;5303
5274;5304
5275;5305
5276;5306
5277;5307
5278;5308
5279;5309
5280;5310
5281;5311
5282;5312
5283;5313
5284;5314
5285;5315
5286;5316
5287;5317
5288;5318
5289;5319
5290;5320
5291;5321
5292;5322
5293;5323
5294;5324
5295;5325
5296;5326
5297;5327
5298;5328
5299;5329
5300;5330
5301;5331
5302;5332
5303;5333
5304;5334
5305;5335
5306;5336
5307;5337
5308;5338
5309;5339
5310;5340
5311;5341
5312;5342
5313;5343
5314;5344
5315;5345
5316;5346
5317;5347
5318;5348
5319;5349
5320;5350
5321;5351
5322;5352
5323;5353
5324;5354
5325;5355
5326;5356
5327;5357
5328;5358
5329;5359
5330;5360
5331;5361
5332;5362
5333;5363
5334;5364
5335;5365
5336;5366
5337;5367
5338;5368
5339;5369
5340;5370
5341;5371
5342;5372
5343;5373
5344;5374
5345;5375
5346;5376
5347;5377
5348;5378
5349;5379
5350;5380
5351;5381
5352;5382
5353;5383
5354;5384
5355;5385
5356;5386
5357;5387
5358;5388
5359;5389
5360;5390
5361;5391
5362;5392
5363;5393
5364;5394
5365;5395
5366;5396
5367;5397
5368;5398
5369;5399
5370;5400
5371;5401
5372;5402
5373;5403
5374;5404
5375;5405
5376;5406
5377;5407
5378;5408
5379;5409
5380;5410
5381;5411
5382;5412
5383;5413
5384;5414
5385;5415
5386;5416
5387;5417
5388;5418
5389;5419
5390;5420
5391;5421
5392;5422
5393;5423
5394;5424
5395;5425
5396;5426
5397;5427
5398;5428
5399;5429
5400;5430
5401;5431
5402;5432
5403;5433
5404;5434
5405;5435
5406;5436
5407;5437
5408;5438
5409;5439
5410;5440
5411;5441
5412;5442
5413;5443
5414;5444
5415;5445
5416;5446
5417;5447
5418;5448
5419;5449
5420;5450
5421;5451
5422;5452
5423;5453
5424;5454
5425;5455
5426;5456
5427;5457
5428;5458
5429;5459
5430;5460
5431;5461
5432;5462
5433;5463
5434;5464
5435;5465
5436;5466
5437;5467
5438;5468
5439;5469
5440;5470
5441;5471
5442;5472
5443;5473
5444;5474
5445;5475
5446;5476
5447;5477
5448;5478
5449;5479
5450;5480
5451;5481
5452;5482
5453;5483
5454;5484
5455;5485
5456;5486
5457;5487
5458;5488
5459;5489
5460;5490
5461;5491
5462;5492
5463;5493
5464;5494
5465;5495
5466;5496
5467;5497
5468;5498
5469;5499
5470;5500
5471;5501
5472;5502
5473;5503
5474;5504
5475;5505
5476;5506
5477;5507
5478;5508
5479;5509
5480;5510
5481;5511
5482;5512
5483;5513
5484;5514
5485;5515
5486;5516
5487;5517
5488;5518
5489;5519
5490;5520
5491;5521
5492;5522
5493;5523
5494;5524
5495;5525
5496;5526
5497;5527
5498;5528
5499;5529
5500;5530
5501;5531
5502;5532
5503;5533
5504;5534
5505;5535
5506;5536
5507;5537
5508;5538
5509;5539
5510;5540
5511;5541
5512;5542
5513;5543
5514;5544
5515;5545
5516;5546
5517;5547
5518;5548
5519;5549
5520;5550
5521;5551
5522;5552
5523;5553
5524;5554
5525;5555
5526;5556
5527;5557
5528;5558
5529;5559
5530;5560
5531;5561
5532;5562
5533;5563
5534;5564
5535;5565
5536;5566
5537;5567
5538;5568
5539;5569
5540;5570
5541;5571
5542;5572
5543;5573
5544;5574
5545;5575
5546;5576
5547;5577
5548;5578
5549;5579
5550;5580
5551;5581
5552;5582
5553;5583
5554;5584
5555;5585
5556;5586
5557;5587
5558;5588
5559;5589
5560;5590
5561;5591
5562;5592
5563;5593
5564;5594
5565;5595
5566;5596
5567;5597
5568;5598
5569;5599
5570;5600
5571;5601
5572;5602
5573;5603
5574;5604
5575;5605
5576;5606
5577;5607
5578;5608
5579;5609
5580;5610
5581;5611
5582;5612
5583;5613
5584;5614
5585;5615
5586;5616
5587;5617
5588;5618
5589;5619
5590;5620
5591;5621
5592;5622
5593;5623
5594;5624
5595;5625
5596;5626
5597;5627
5598;5628
5599;5629
5600;5630
5601;5631
5602;5632
5603;5633
5604;5634
5605;5635
5606;5636
5607;5637
5608;5638
5609;5639
5610;5640
5611;5641
5612;5642
5613;5643
5614;5644
5615;5645
5616;5646
5617;5647
5618;5648
5619;5649
5620;5650
5621;5651
5622;5652
5623;5653
5624;5654
5625;5655
5626;5656
5627;5657
5628;5658
5629;5659
5630;5660
5631;5661
5632;5662
5633;5663
5634;5664
5635;5665
5636;5666
5637;5667
5638;5668
5639;5669
5640;5670
5641;5671
5642;5672
5643;5673
5644;5674
5645;5675
5646;5676
5647;5677
5648;5678
5649;5679
5650;5680
5651;5681
5652;5682
5653;5683
5654;5684
5655;5685
5656;5686
5657;5687
5658;5688
5659;5689
5660;5690
5661;5691
5662;5692
5663;5693
5664;5694
5665;5695
5666;5696
5667;5697
5668;5698
5669;5699
5670;5700
5671;5701
5672;5702
5673;5703
5674;5704
5675;5705
5676;5706
5677;5707
5678;5708
5679;5709
5680;5710
5681;5711
5682;5712
5683;5713
5684;5714
5685;5715
5686;5716
5687;5717
5688;5718
5689;5719
5690;5720
5691;5721
5692;5722
5693;5723
5694;5724
5695;5725
5696;5726
5697;5727
5698;5728
5699;5729
5700;5730
5701;5731
5702;5732
5703;5733
5704;5734
5705;5735
5706;5736
5707;5737
5708;5738
5709;5739
5710;5740
5711;5741
5712;5742
5713;5743
5714;5744
5715;5745
5716;5746
5717;5747
5718;5748
5719;5749
5720;5750
5721;5751
5722;5752
5723;5753
5724;5754
5725;5755
5726;5756
5727;5757
5728;5758
5729;5759
5730;5760
5731;5761
5732;5762
5733;5763
5734;5764
5735;5765
5736;5766
5737;5767
5738;5768
5739;5769
5740;5770
5741;5771
5742;5772
5743;5773
5744;5774
5745;5775
5746;5776
5747;5777
5748;5778
5749;5779
5750;5780
5751;5781
5752;5782
5753;5783
5754;5784
5755;5785
5756;5786
5757;5787
5758;5788
5759;5789
5760;5790
5761;5791
5762;5792
5763;5793
5764;5794
5765;5795
5766;5796
5767;5797
5768;5798
5769;5799
5770;5800
5771;5801
5772;5802
5773;5803
5774;5804
5775;5805
5776;5806
5777;5807
5778;5808
5779;5809
5780;5810
5781;5811
5782;5812
5783;5813
5784;5814
5785;5815
5786;5816
5787;5817
5788;5818
5789;5819
5790;5820
5791;5821
5792;5822
5793;5823
5794;5824
5795;5825
5796;5826
5797;5827
5798;5828
5799;5829
5800;5830
5801;5831
5802;5832
5803;5833
5804;5834
5805;5835
5806;5836
5807;5837
5808;5838
5809;5839
5810;5840
5811;5841
5812;5842
5813;5843
5814;5844
5815;5845
5816;5846
5817;5847
5818;5848
5819;5849
5820;5850
5821;5851
5822;5852
5823;5853
5824;5854
5825;5855
5826;5856
5827;5857
5828;5858
5829;5859
5830;5860
5831;5861
5832;5862
5833;5863
5834;5864
5835;5865
5836;5866
5837;5867
5838;5868
5839;5869
5840;5870
5841;5871
5842;5872
5843;5873
5844;5874
5845;5875
5846;5876
5847;5877
5848;5878
5849;5879
5850;5880
5851;5881
5852;5882
5853;5883
5854;5884
5855;5885
5856;5886
5857;5887
5858;5888
5859;5889
5860;5890
5861;5891
5862;5892
5863;5893
5864;5894
5865;5895
5866;5896
5867;5897
5868;5898
5869;5899
5870;5900
5871;5901
5872;5902
5873;5903
5874;5904
5875;5905
5876;5906
5877;5907
5878;5908
5879;5909
5880;5910
5881;5911
5882;5912
5883;5913
5884;5914
5885;5915
5886;5916
5887;5917
5888;5918
5889;5919
5890;5920
5891;5921
5892;5922
5893;5923
5894;5924
5895;5925
5896;5926
5897;5927
5898;5928
5899;5929
5900;5930
5901;5931
5902;5932
5903;5933
5904;5934
5905;5935
5906;5936
5907;5937
5908;5938
5909;5939
5910;5940
5911;5941
5912;5942
5913;5943
5914;5944
5915;5945
5916;5946
5917;5947
5918;5948
5919;5949
5920;5950
5921;5951
5922;5952
5923;5953
5924;5954
5925;5955
5926;5956
5927;5957
5928;5958
5929;5959
5930;5960
5931;5961
5932;5962
5933;5963
5934;5964
5935;5965
5936;5966
5937;5967
5938;5968
5939;5969
5940;5970
5941;5971
5942;5972
5943;5973
5944;5974
5945;5975
5946;5976
5947;5977
5948;5978
5949;5979
5950;5980
5951;5981
5952;5982
5953;5983
5954;5984
5955;5985
5956;5986
5957;5987
5958;5988
5959;5989
5960;5990
5961;5991
5962;5992
5963;5993
5964;5994
5965;5995
5966;5996
5967;5997
5968;5998
5969;5999
5970;6000
5971;6001
5972;6002
5973;6003
5974;6004
5975;6005
5976;6006
5977;6007
5978;6008
5979;6009
5980;6010
5981;6011
5982;6012
5983;6013
5984;6014
5985;6015
5986;6016
5987;6017
5988;6018
5989;6019
5990;6020
5991;6021
5992;6022
5993;6023
5994;6024
5995;6025
5996;6026
5997;6027
5998;6028
5999;6029
6000;6030
6001;6031
6002;6032
6003;6033
6004;6034
6005;6035
6006;6036
6007;6037
6008;6038
6009;6039
6010;6040
6011;6041
6012;6042
6013;6043
6014;6044
6015;6045
6016;6046
6017;6047
6018;6048
6019;6049
6020;6050
6021;6051
6022;6052
6023;6053
6024;6054
6025;6055
6026;6056
6027;6057
6028;6058
6029;6059
6030;6060
6031;6061
6032;6062
6033;6063
6034;6064
6035;6065
6036;6066
6037;6067
6038;6068
6039;6069
6040;6070
6041;6071
6042;6072
6043;6073
6044;6074
6045;6075
6046;6076
6047;6077
6048;6078
6049;6079
6050;6080
6051;6081
6052;6082
6053;6083
6054;6084
6055;6085
6056;6086
6057;6087
6058;6088
6059;6089
6060;6090
6061;6091
6062;6092
6063;6093
6064;6094
6065;6095
6066;6096
6067;6097
6068;6098
6069;6099
6070;6100
6071;6101
6072;6102
6073;6103
6074;6104
6075;6105
6076;6106
6077;6107
6078;6108
6079;6109
6080;6110
6081;6111
6082;6112
6083;6113
6084;6114
6085;6115
6086;6116
6087;6117
6088;6118
6089;6119
6090;6120
6091;6121
6092;6122
6093;6123
6094;6124
6095;6125
6096;6126
6097;6127
6098;6128
6099;6129
6100;6130
6101;6131
6102;6132
6103;6133
6104;6134
6105;6135
6106;6136
6107;6137
6108;6138
6109;6139
6110;6140
6111;6141
6112;6142
6113;6143
6114;6144
6115;6145
6116;6146
6117;6147
6118;6148
6119;6149
6120;6150
6121;6151
6122;6152
6123;6153
6124;6154
6125;6155
6126;6156
6127;6157
6128;6158
6129;6159
6130;6160
6131;6161
6132;6162
6133;6163
6134;6164
6135;6165
6136;6166
6137;6167
6138;6168
6139;6169
6140;6170
6141;6171
6142;6172
6143;6173
6144;6174
6145;6175
6146;6176
6147;6177
6148;6178
6149;6179
6150;6180
6151;6181
6152;6182
6153;6183
6154;6184
6155;6185
6156;6186
6157;6187
6158;6188
6159;6189
6160;6190
6161;6191
6162;6192
6163;6193
6164;6194
6165;6195
6166;6196
6167;6197
6168;6198
6169;6199
6170;6200
6171;6201
6172;6202
6173;6203
6174;6204
6175;6205
6176;6206
6177;6207
6178;6208
6179;6209
6180;6210
6181;6211
6182;6212
6183;6213
6184;6214
6185;6215
6186;6216
6187;6217
6188;6218
6189;6219
6190;6220
6191;6221
6192;6222
6193;6223
6194;6224
6195;6225
6196;6226
6197;6227
6198;6228
6199;6229
6200;6230
6201;6231
6202;6232
6203;6233
6204;6234
6205;6235
6206;6236
6207;6237
6208;6238
6209;6239
6210;6240
6211;6241
6212;6242
6213;6243
6214;6244
6215;6245
6216;6246
6217;6247
6218;6248
6219;6249
6220;6250
6221;6251
6222;6252
6223;6253
6224;6254
6225;6255
6226;6256
6227;6257
6228;6258
6229;6259
6230;6260
6231;6261
6232;6262
6233;6263
6234;6264
6235;6265
6236;6266
6237;6267
6238;6268
6239;6269
6240;6270
6241;6271
6242;6272
6243;6273
6244;6274
6245;6275
6246;6276
6247;6277
6248;6278
6249;6279
6250;6280
6251;6281
6252;6282
6253;6283
6254;6284
6255;6285
6256;6286
6257;6287
6258;6288
6259;6289
6260;6290
6261;6291
6262;6292
6263;6293
6264;6294
6265;6295
6266;6296
6267;6297
6268;6298
6269;6299
6270;6300
6271;6301
6272;6302
6273;6303
6274;6304
6275;6305
6276;6306
6277;6307
6278;6308
6279;6309
6280;6310
6281;6311
6282;6312
6283;6313
6284;6314
6285;6315
6286;6316
6287;6317
6288;6318
6289;6319
6290;6320
6291;6321
6292;6322
6293;6323
6294;6324
6295;6325
6296;6326
6297;6327
6298;6328
6299;6329
6300;6330
6301;6331
6302;6332
6303;6333
6304;6334
6305;6335
6306;6336
6307;6337
6308;6338
6309;6339
6310;6340
6311;6341
6312;6342
6313;6343
6314;6344
6315;6345
6316;6346
6317;6347
6318;6348
6319;6349
6320;6350
6321;6351
6322;6352
6323;6353
6324;6354
6325;6355
6326;6356
6327;6357
6328;6358
6329;6359
6330;6360
6331;6361
6332;6362
6333;6363
6334;6364
6335;6365
6336;6366
6337;6367
6338;6368
6339;6369
6340;6370
6341;6371
6342;6372
6343;6373
6344;6374
6345;6375
6346;6376
6347;6377
6348;6378
6349;6379
6350;6380
6351;6381
6352;6382
6353;6383
6354;6384
6355;6385
6356;6386
6357;6387
6358;6388
6359;6389
6360;6390
6361;6391
6362;6392
6363;6393
6364;6394
6365;6395
6366;6396
6367;6397
6368;6398
6369;6399
6370;6400
6371;6401
6372;6402
6373;6403
6374;6404
6375;6405
6376;6406
6377;6407
6378;6408
6379;6409
6380;6410
6381;6411
6382;6412
6383;6413
6384;6414
6385;6415
6386;6416
6387;6417
6388;6418
6389;6419
6390;6420
6391;6421
6392;6422
6393;6423
6394;6424
6395;6425
6396;6426
6397;6427
6398;6428
6399;6429
6400;6430
6401;6431
6402;6432
6403;6433
6404;6434
6405;6435
6406;6436
6407;6437
6408;6438
6409;6439
6410;6440
6411;6441
6412;6442
6413;6443
6414;6444
6415;6445
6416;6446
6417;6447
6418;6448
6419;6449
6420;6450
6421;6451
6422;6452
6423;6453
6424;6454
6425;6455
6426;6456
6427;6457
6428;6458
6429;6459
6430;6460
6431;6461
6432;6462
6433;6463
6434;6464
6435;6465
6436;6466
6437;6467
6438;6468
6439;6469
6440;6470
6441;6471
6442;6472
6443;6473
6444;6474
6445;6475
6446;6476
6447;6477
6448;6478
6449;6479
6450;6480
6451;6481
6452;6482
6453;6483
6454;6484
6455;6485
6456;6486
6457;6487
6458;6488
6459;6489
6460;6490
6461;6491
6462;6492
6463;6493
6464;6494
6465;6495
6466;6496
6467;6497
6468;6498
6469;6499
6470;6500
6471;6501
6472;6502
6473;6503
6474;6504
6475;6505
6476;6506
6477;6507
6478;6508
6479;6509
6480;6510
6481;6511
6482;6512
6483;6513
6484;6514
6485;6515
6486;6516
6487;6517
6488;6518
6489;6519
6490;6520
6491;6521
6492;6522
6493;6523
6494;6524
6495;6525
6496;6526
6497;6527
6498;6528
6499;6529
6500;6530
6501;6531
6502;6532
6503;6533
6504;6534
6505;6535
6506;6536
6507;6537
6508;6538
6509;6539
6510;6540
6511;6541
6512;6542
6513;6543
6514;6544
6515;6545
6516;6546
6517;6547
6518;6548
6519;6549
6520;6550
6521;6551
6522;6552
6523;6553
6524;6554
6525;6555
6526;6556
6527;6557
6528;6558
6529;6559
6530;6560
6531;6561
6532;6562
6533;6563
6534;6564
6535;6565
6536;6566
6537;6567
6538;6568
6539;6569
6540;6570
6541;6571
6542;6572
6543;6573
6544;6574
6545;6575
6546;6576
6547;6577
6548;6578
6549;6579
6550;6580
6551;6581
6552;6582
6553;6583
6554;6584
6555;6585
6556;6586
6557;6587
6558;6588
6559;6589
6560;6590
6561;6591
6562;6592
6563;6593
6564;6594
6565;6595
6566;6596
6567;6597
6568;6598
6569;6599
6570;6600
6571;6601
6572;6602
6573;6603
6574;6604
6575;6605
6576;6606
6577;6607
6578;6608
6579;6609
6580;6610
6581;6611
6582;6612
6583;6613
6584;6614
6585;6615
6586;6616
6587;6617
6588;6618
6589;6619
6590;6620
6591;6621
6592;6622
6593;6623
6594;6624
6595;6625
6596;6626
6597;6627
6598;6628
6599;6629
6600;6630
6601;6631
6602;6632
6603;6633
6604;6634
6605;6635
6606;6636
6607;6637
6608;6638
6609;6639
6610;6640
6611;6641
6612;6642
6613;6643
6614;6644
6615;6645
6616;6646
6617;6647
6618;6648
6619;6649
6620;6650
6621;6651
6622;6652
6623;6653
6624;6654
6625;6655
6626;6656
6627;6657
6628;6658
6629;6659
6630;6660
6631;6661
6632;6662
6633;6663
6634;6664
6635;6665
6636;6666
6637;6667
6638;6668
6639;6669
6640;6670
6641;6671
6642;6672
6643;6673
6644;6674
6645;6675
6646;6676
6647;6677
6648;6678
6649;6679
6650;6680
6651;6681
6652;6682
6653;6683
6654;6684
6655;6685
6656;6686
6657;6687
6658;6688
6659;6689
6660;6690
6661;6691
6662;6692
6663;6693
6664;6694
6665;6695
6666;6696
6667;6697
6668;6698
6669;6699
6670;6700
6671;6701
6672;6702
6673;6703
6674;6704
6675;6705
6676;6706
6677;6707
6678;6708
6679;6709
6680;6710
6681;6711
6682;6712
6683;6713
6684;6714
6685;6715
6686;6716
6687;6717
6688;6718
6689;6719
6690;6720
6691;6721
6692;6722
6693;6723
6694;6724
6695;6725
6696;6726
6697;6727
6698;6728
6699;6729
6700;6730
6701;6731
6702;6732
6703;6733
6704;6734
6705;6735
6706;6736
6707;6737
6708;6738
6709;6739
6710;6740
6711;6741
6712;6742
6713;6743
6714;6744
6715;6745
6716;6746
6717;6747
6718;6748
6719;6749
6720;6750
6721;6751
6722;6752
6723;6753
6724;6754
6725;6755
6726;6756
6727;6757
6728;6758
6729;6759
6730;6760
6731;6761
6732;6762
6733;6763
6734;6764
6735;6765
6736;6766
6737;6767
6738;6768
6739;6769
6740;6770
6741;6771
6742;6772
6743;6773
6744;6774
6745;6775
6746;6776
6747;6777
6748;6778
6749;6779
6750;6780
6751;6781
6752;6782
6753;6783
6754;6784
6755;6785
6756;6786
6757;6787
6758;6788
6759;6789
6760;6790
6761;6791
6762;6792
6763;6793
6764;6794
6765;6795
6766;6796
6767;6797
6768;6798
6769;6799
6770;6800
6771;6801
6772;6802
6773;6803
6774;6804
6775;6805
6776;6806
6777;6807
6778;6808
6779;6809
6780;6810
6781;6811
6782;6812
6783;6813
6784;6814
6785;6815
6786;6816
6787;6817
6788;6818
6789;6819
6790;6820
6791;6821
6792;6822
6793;6823
6794;6824
6795;6825
6796;6826
6797;6827
6798;6828
6799;6829
6800;6830
6801;6831
6802;6832
6803;6833
6804;6834
6805;6835
6806;6836
6807;6837
6808;6838
6809;6839
6810;6840
6811;6841
6812;6842
6813;6843
6814;6844
6815;6845
6816;6846
6817;6847
6818;6848
6819;6849
6820;6850
6821;6851
6822;6852
6823;6853
6824;6854
6825;6855
6826;6856
6827;6857
6828;6858
6829;6859
6830;6860
6831;6861
6832;6862
6833;6863
6834;6864
6835;6865
6836;6866
6837;6867
6838;6868
6839;6869
6840;6870
6841;6871
6842;6872
6843;6873
6844;6874
6845;6875
6846;6876
6847;6877
6848;6878
6849;6879
6850;6880
6851;6881
6852;6882
6853;6883
6854;6884
6855;6885
6856;6886
6857;6887
6858;6888
6859;6889
6860;6890
6861;6891
6862;6892
6863;6893
6864;6894
6865;6895
6866;6896
6867;6897
6868;6898
6869;6899
6870;6900
6871;6901
6872;6902
6873;6903
6874;6904
6875;6905
6876;6906
6877;6907
6878;6908
6879;6909
6880;6910
6881;6911
6882;6912
6883;6913
6884;6914
6885;6915
6886;6916
6887;6917
6888;6918
6889;6919
6890;6920
6891;6921
6892;6922
6893;6923
6894;6924
6895;6925
6896;6926
6897;6927
6898;6928
6899;6929
6900;6930
6901;6931
6902;6932
6903;6933
6904;6934
6905;6935
6906;6936
6907;6937
6908;6938
6909;6939
6910;6940
6911;6941
6912;6942
6913;6943
6914;6944
6915;6945
6916;6946
6917;6947
6918;6948
6919;6949
6920;6950
6921;6951
6922;6952
6923;6953
6924;6954
6925;6955
6926;6956
6927;6957
6928;6958
6929;6959
6930;6960
6931;6961
6932;6962
6933;6963
6934;6964
6935;6965
6936;6966
6937;6967
6938;6968
6939;6969
6940;6970
6941;6971
6942;6972
6943;6973
6944;6974
6945;6975
6946;6976
6947;6977
6948;6978
6949;6979
6950;6980
6951;6981
6952;6982
6953;6983
6954;6984
6955;6985
6956;6986
6957;6987
6958;6988
6959;6989
6960;6990
6961;6991
6962;6992
6963;6993
6964;6994
6965;6995
6966;6996
6967;6997
6968;6998
6969;6999
6970;7000
