0;72
1;74
2;74
3;75
4;75
5;77
6;77
7;78
8;79
9;83
10;85
11;85
12;90
13;93
14;93
15;93
16;94
17;97
18;97
19;97
20;98
21;98
22;99
23;99
24;100
25;100
26;100
27;100
28;101
29;103
30;103
31;103
32;105
33;108
34;109
35;109
36;112
37;112
38;114
39;114
40;115
41;115
42;115
43;115
44;115
45;116
46;116
47;117
48;118
49;118
50;121
51;121
52;127
53;127
54;130
55;130
56;130
57;131
58;131
59;131
60;132
61;133
62;133
63;134
64;135
65;137
66;137
67;139
68;139
69;140
70;141
71;144
72;144
73;144
74;145
75;146
76;148
77;148
78;150
79;151
80;151
81;151
82;153
83;155
84;155
85;158
86;158
87;159
88;161
89;162
90;164
91;164
92;167
93;167
94;169
95;170
96;170
97;171
98;173
99;173
100;173
101;173
102;175
103;175
104;178
105;178
106;179
107;181
108;181
109;183
110;184
111;184
112;184
113;186
114;186
115;186
116;190
117;192
118;192
119;193
120;193
121;195
122;199
123;199
124;199
125;199
126;200
127;202
128;203
129;203
130;205
131;205
132;205
133;205
134;206
135;207
136;208
137;209
138;211
139;211
140;212
141;213
142;213
143;215
144;215
145;217
146;218
147;220
148;220
149;222
150;222
151;222
152;224
153;224
154;225
155;227
156;228
157;229
158;230
159;230
160;232
161;232
162;234
163;235
164;237
165;238
166;238
167;239
168;241
169;241
170;242
171;242
172;242
173;244
174;244
175;245
176;247
177;248
178;248
179;251
180;251
181;251
182;253
183;253
184;254
185;255
186;257
187;258
188;258
189;259
190;259
191;260
192;262
193;262
194;263
195;264
196;265
197;267
198;269
199;269
200;269
201;270
202;272
203;272
204;275
205;275
206;276
207;280
208;280
209;281
210;281
211;283
212;284
213;287
214;287
215;288
216;288
217;289
218;292
219;292
220;292
221;293
222;293
223;294
224;294
225;296
226;296
227;297
228;300
229;302
230;302
231;302
232;303
233;304
234;306
235;307
236;311
237;311
238;312
239;313
240;313
241;314
242;314
243;316
244;316
245;318
246;319
247;320
248;320
249;321
250;323
251;323
252;324
253;324
254;327
255;327
256;328
257;328
258;330
259;331
260;332
261;334
262;334
263;335
264;336
265;336
266;339
267;339
268;341
269;343
270;343
271;343
272;344
273;346
274;346
275;349
276;351
277;351
278;351
279;353
280;354
281;354
282;354
283;356
284;356
285;359
286;359
287;361
288;361
289;362
290;364
291;365
292;367
293;367
294;368
295;368
296;369
297;371
298;371
299;372
300;374
301;374
302;376
303;376
304;377
305;377
306;381
307;382
308;382
309;383
310;383
311;385
312;386
313;387
314;387
315;390
316;390
317;392
318;393
319;394
320;395
321;395
322;396
323;396
324;398
325;401
326;401
327;402
328;402
329;403
330;404
331;404
332;404
333;406
334;409
335;409
336;411
337;413
338;413
339;413
340;413
341;414
342;416
343;416
344;416
345;418
346;419
347;419
348;422
349;422
350;423
351;423
352;426
353;427
354;427
355;431
356;433
357;433
358;433
359;433
360;436
361;436
362;436
363;436
364;436
365;438
366;439
367;439
368;441
369;442
370;442
371;443
372;445
373;445
374;445
375;446
376;447
377;448
378;449
379;450
380;451
381;451
382;453
383;453
384;454
385;456
386;457
387;457
388;458
389;458
390;460
391;463
392;463
393;466
394;467
395;467
396;467
397;469
398;471
399;471
400;473
401;473
402;478
403;478
404;481
405;481
406;481
407;481
408;481
409;483
410;483
411;487
412;487
413;488
414;488
415;489
416;489
417;490
418;490
419;490
420;491
421;492
422;493
423;493
424;496
425;496
426;499
427;499
428;499
429;502
430;503
431;503
432;506
433;506
434;507
435;507
436;507
437;508
438;508
439;510
440;510
441;512
442;512
443;515
444;517
445;519
446;519
447;520
448;520
449;522
450;523
451;523
452;525
453;525
454;529
455;531
456;531
457;531
458;531
459;531
460;535
461;535
462;536
463;536
464;536
465;537
466;539
467;540
468;540
469;542
470;542
471;544
472;544
473;545
474;546
475;548
476;548
477;553
478;555
479;557
480;560
481;560
482;561
483;561
484;562
485;562
486;562
487;563
488;565
489;565
490;565
491;567
492;567
493;569
494;570
495;571
496;571
497;575
498;575
499;575
500;576
501;576
502;576
503;579
504;579
505;579
506;581
507;581
508;582
509;582
510;585
511;585
512;587
513;590
514;590
515;590
516;591
517;592
518;593
519;593
520;595
521;595
522;596
523;597
524;597
525;597
526;600
527;601
528;601
529;602
530;605
531;611
532;611
533;614
534;614
535;616
536;616
537;616
538;617
539;617
540;619
541;623
542;624
543;624
544;624
545;624
546;624
547;624
548;624
549;624
550;624
551;624
552;624
553;625
554;625
555;627
556;628
557;633
558;633
559;633
560;633
561;634
562;634
563;635
564;635
565;637
566;640
567;640
568;641
569;641
570;644
571;644
572;644
573;644
574;648
575;648
576;648
577;649
578;649
579;652
580;652
581;652
582;655
583;655
584;657
585;657
586;660
587;660
588;660
589;660
590;660
591;661
592;664
593;665
594;665
595;665
596;669
597;670
598;670
599;670
600;673
601;673
602;674
603;674
604;675
605;676
606;678
607;678
608;680
609;680
610;683
611;684
612;684
613;684
614;686
615;688
616;688
617;688
618;689
619;690
620;691
621;692
622;692
623;695
624;695
625;696
626;697
627;697
628;699
629;701
630;702
631;702
632;706
633;706
634;707
635;709
636;709
637;711
638;711
639;713
640;713
641;714
642;714
643;717
644;717
645;719
646;719
647;721
648;721
649;721
650;721
651;724
652;726
653;727
654;729
655;730
656;730
657;730
658;731
659;732
660;732
661;732
662;735
663;737
664;737
665;737
666;738
667;740
668;742
669;745
670;745
671;745
672;745
673;747
674;747
675;747
676;748
677;749
678;751
679;751
680;752
681;753
682;753
683;753
684;755
685;757
686;757
687;759
688;760
689;761
690;763
691;763
692;764
693;766
694;766
695;768
696;768
697;768
698;770
699;773
700;773
701;773
702;774
703;777
704;777
705;778
706;778
707;778
708;779
709;781
710;783
711;785
712;785
713;786
714;786
715;789
716;789
717;790
718;790
719;792
720;795
721;795
722;799
723;801
724;801
725;801
726;801
727;801
728;801
729;801
730;803
731;805
732;806
733;806
734;808
735;808
736;808
737;810
738;810
739;812
740;812
741;815
742;815
743;816
744;817
745;819
746;819
747;819
748;819
749;821
750;822
751;823
752;823
753;825
754;826
755;827
756;829
757;831
758;831
759;831
760;832
761;834
762;834
763;835
764;835
765;836
766;836
767;837
768;838
769;841
770;843
771;843
772;844
773;846
774;846
775;847
776;850
777;850
778;852
779;852
780;853
781;853
782;855
783;856
784;856
785;858
786;858
787;862
788;862
789;862
790;864
791;865
792;867
793;867
794;867
795;867
796;867
797;869
798;869
799;869
800;871
801;872
802;875
803;879
804;879
805;879
806;881
807;883
808;883
809;884
810;884
811;884
812;887
813;887
814;887
815;889
816;889
817;892
818;894
819;896
820;898
821;898
822;898
823;899
824;899
825;900
826;901
827;903
828;903
829;904
830;905
831;906
832;906
833;909
834;909
835;911
836;911
837;914
838;914
839;914
840;916
841;916
842;916
843;918
844;919
845;919
846;919
847;920
848;921
849;923
850;927
851;928
852;928
853;928
854;930
855;930
856;932
857;934
858;934
859;936
860;936
861;937
862;939
863;939
864;942
865;944
866;944
867;947
868;947
869;947
870;947
871;948
872;950
873;950
874;950
875;950
876;951
877;951
878;951
879;953
880;953
881;956
882;956
883;957
884;958
885;961
886;961
887;961
888;962
889;962
890;964
891;966
892;966
893;967
894;968
895;971
896;971
897;973
898;975
899;976
900;978
901;978
902;978
903;979
904;979
905;981
906;982
907;982
908;983
909;983
910;985
911;985
912;987
913;987
914;990
915;991
916;991
917;993
918;993
919;996
920;996
921;1000
922;1000
923;1002
924;1002
925;1002
926;1005
927;1005
928;1007
929;1007
930;1008
931;1008
932;1008
933;1008
934;1009
935;1011
936;1011
937;1013
938;1013
939;1015
940;1016
941;1016
942;1016
943;1018
944;1019
945;1019
946;1020
947;1023
948;1023
949;1023
950;1023
951;1024
952;1025
953;1025
954;1027
955;1027
956;1031
957;1031
958;1032
959;1033
960;1034
961;1034
962;1035
963;1037
964;1039
965;1039
966;1040
967;1041
968;1041
969;1043
970;1043
971;1045
972;1049
973;1049
974;1050
975;1051
976;1053
977;1053
978;1053
979;1053
980;1055
981;1057
982;1057
983;1057
984;1060
985;1061
986;1061
987;1063
988;1063
989;1065
990;1065
991;1066
992;1066
993;1066
994;1068
995;1069
996;1070
997;1070
998;1070
999;1072
1000;1076
1001;1076
1002;1077
1003;1077
1004;1078
1005;1078
1006;1081
1007;1081
1008;1083
1009;1083
1010;1083
1011;1083
1012;1084
1013;1085
1014;1085
1015;1086
1016;1089
1017;1089
1018;1090
1019;1092
1020;1092
1021;1093
1022;1093
1023;1097
1024;1097
1025;1099
1026;1101
1027;1101
1028;1101
1029;1101
1030;1102
1031;1104
1032;1104
1033;1104
1034;1106
1035;1107
1036;1107
1037;1107
1038;1109
1039;1110
1040;1112
1041;1112
1042;1112
1043;1113
1044;1113
1045;1115
1046;1116
1047;1116
1048;1117
1049;1119
1050;1121
1051;1121
1052;1123
1053;1124
1054;1125
1055;1127
1056;1128
1057;1129
1058;1131
1059;1131
1060;1131
1061;1131
1062;1133
1063;1135
1064;1135
1065;1136
1066;1138
1067;1138
1068;1140
1069;1142
1070;1142
1071;1144
1072;1145
1073;1145
1074;1148
1075;1148
1076;1148
1077;1149
1078;1149
1079;1150
1080;1151
1081;1152
1082;1153
1083;1155
1084;1157
1085;1158
1086;1160
1087;1160
1088;1161
1089;1161
1090;1164
1091;1164
1092;1164
1093;1166
1094;1166
1095;1167
1096;1168
1097;1170
1098;1170
1099;1170
1100;1172
1101;1173
1102;1174
1103;1175
1104;1176
1105;1176
1106;1177
1107;1178
1108;1179
1109;1181
1110;1181
1111;1183
1112;1184
1113;1185
1114;1185
1115;1189
1116;1191
1117;1191
1118;1192
1119;1194
1120;1195
1121;1195
1122;1197
1123;1197
1124;1197
1125;1199
1126;1200
1127;1200
1128;1201
1129;1201
1130;1203
1131;1204
1132;1205
1133;1207
1134;1208
1135;1208
1136;1210
1137;1211
1138;1212
1139;1212
1140;1215
1141;1215
1142;1216
1143;1218
1144;1218
1145;1219
1146;1221
1147;1221
1148;1222
1149;1223
1150;1225
1151;1225
1152;1226
1153;1226
1154;1228
1155;1229
1156;1230
1157;1231
1158;1232
1159;1233
1160;1234
1161;1234
1162;1234
1163;1235
1164;1236
1165;1236
1166;1238
1167;1239
1168;1242
1169;1242
1170;1242
1171;1242
1172;1243
1173;1245
1174;1246
1175;1246
1176;1249
1177;1249
1178;1250
1179;1251
1180;1251
1181;1252
1182;1252
1183;1253
1184;1254
1185;1254
1186;1258
1187;1258
1188;1259
1189;1259
1190;1260
1191;1260
1192;1263
1193;1263
1194;1267
1195;1267
1196;1267
1197;1267
1198;1268
1199;1268
1200;1269
1201;1270
1202;1272
1203;1274
1204;1274
1205;1275
1206;1275
1207;1277
1208;1277
1209;1278
1210;1281
1211;1286
1212;1286
1213;1289
1214;1289
1215;1291
1216;1291
1217;1292
1218;1292
1219;1292
1220;1292
1221;1292
1222;1294
1223;1294
1224;1296
1225;1297
1226;1297
1227;1297
1228;1300
1229;1301
1230;1302
1231;1302
1232;1305
1233;1305
1234;1305
1235;1307
1236;1307
1237;1309
1238;1310
1239;1312
1240;1313
1241;1315
1242;1317
1243;1317
1244;1317
1245;1317
1246;1319
1247;1320
1248;1320
1249;1322
1250;1322
1251;1323
1252;1323
1253;1325
1254;1325
1255;1326
1256;1326
1257;1329
1258;1330
1259;1331
1260;1331
1261;1331
1262;1334
1263;1334
1264;1336
1265;1336
1266;1336
1267;1337
1268;1340
1269;1340
1270;1343
1271;1345
1272;1345
1273;1346
1274;1346
1275;1349
1276;1349
1277;1349
1278;1349
1279;1351
1280;1351
1281;1354
1282;1357
1283;1357
1284;1359
1285;1359
1286;1359
1287;1360
1288;1360
1289;1362
1290;1362
1291;1365
1292;1365
1293;1366
1294;1366
1295;1367
1296;1367
1297;1368
1298;1369
1299;1371
1300;1371
1301;1373
1302;1374
1303;1377
1304;1378
1305;1379
1306;1379
1307;1379
1308;1379
1309;1380
1310;1384
1311;1384
1312;1384
1313;1385
1314;1388
1315;1388
1316;1388
1317;1391
1318;1392
1319;1393
1320;1393
1321;1396
1322;1396
1323;1398
1324;1398
1325;1399
1326;1399
1327;1400
1328;1401
1329;1401
1330;1401
1331;1405
1332;1405
1333;1406
1334;1406
1335;1407
1336;1409
1337;1409
1338;1411
1339;1412
1340;1414
1341;1414
1342;1417
1343;1417
1344;1419
1345;1419
1346;1420
1347;1422
1348;1422
1349;1422
1350;1422
1351;1426
1352;1426
1353;1426
1354;1428
1355;1429
1356;1431
1357;1431
1358;1432
1359;1433
1360;1433
1361;1435
1362;1435
1363;1437
1364;1437
1365;1437
1366;1440
1367;1440
1368;1440
1369;1442
1370;1442
1371;1443
1372;1444
1373;1446
1374;1447
1375;1447
1376;1450
1377;1451
1378;1452
1379;1453
1380;1455
1381;1455
1382;1456
1383;1456
1384;1457
1385;1459
1386;1459
1387;1460
1388;1460
1389;1462
1390;1464
1391;1464
1392;1464
1393;1474
1394;1474
1395;1474
1396;1475
1397;1475
1398;1479
1399;1479
1400;1481
1401;1483
1402;1483
1403;1483
1404;1483
1405;1484
1406;1484
1407;1484
1408;1486
1409;1487
1410;1487
1411;1487
1412;1487
1413;1487
1414;1489
1415;1489
1416;1490
1417;1490
1418;1492
1419;1494
1420;1494
1421;1495
1422;1495
1423;1496
1424;1496
1425;1496
1426;1498
1427;1500
1428;1500
1429;1502
1430;1502
1431;1503
1432;1505
1433;1506
1434;1508
1435;1509
1436;1509
1437;1510
1438;1510
1439;1510
1440;1512
1441;1513
1442;1514
1443;1515
1444;1516
1445;1518
1446;1520
1447;1520
1448;1520
1449;1521
1450;1523
1451;1523
1452;1523
1453;1524
1454;1525
1455;1525
1456;1527
1457;1528
1458;1528
1459;1530
1460;1533
1461;1533
1462;1534
1463;1538
1464;1538
1465;1538
1466;1540
1467;1540
1468;1542
1469;1542
1470;1542
1471;1543
1472;1545
1473;1546
1474;1546
1475;1546
1476;1548
1477;1550
1478;1550
1479;1551
1480;1552
1481;1555
1482;1557
1483;1557
1484;1557
1485;1557
1486;1558
1487;1558
1488;1560
1489;1560
1490;1560
1491;1563
1492;1563
1493;1564
1494;1565
1495;1566
1496;1569
1497;1569
1498;1569
1499;1571
1500;1575
1501;1575
1502;1575
1503;1576
1504;1577
1505;1579
1506;1579
1507;1579
1508;1580
1509;1581
1510;1581
1511;1584
1512;1584
1513;1584
1514;1585
1515;1589
1516;1590
1517;1590
1518;1592
1519;1592
1520;1592
1521;1593
1522;1594
1523;1594
1524;1597
1525;1597
1526;1598
1527;1598
1528;1600
1529;1600
1530;1602
1531;1602
1532;1602
1533;1605
1534;1605
1535;1606
1536;1607
1537;1609
1538;1610
1539;1610
1540;1613
1541;1613
1542;1614
1543;1617
1544;1619
1545;1619
1546;1622
1547;1622
1548;1624
1549;1624
1550;1625
1551;1625
1552;1626
1553;1628
1554;1628
1555;1630
1556;1634
1557;1638
1558;1638
1559;1638
1560;1638
1561;1640
1562;1640
1563;1640
1564;1644
1565;1644
1566;1644
1567;1645
1568;1645
1569;1645
1570;1647
1571;1647
1572;1647
1573;1647
1574;1647
1575;1650
1576;1653
1577;1653
1578;1654
1579;1654
1580;1656
1581;1657
1582;1657
1583;1660
1584;1660
1585;1663
1586;1663
1587;1666
1588;1667
1589;1667
1590;1667
1591;1669
1592;1669
1593;1669
1594;1671
1595;1671
1596;1671
1597;1674
1598;1678
1599;1678
1600;1678
1601;1680
1602;1680
1603;1682
1604;1682
1605;1683
1606;1685
1607;1687
1608;1690
1609;1690
1610;1690
1611;1690
1612;1690
1613;1690
1614;1690
1615;1690
1616;1690
1617;1690
1618;1690
1619;1692
1620;1693
1621;1693
1622;1693
1623;1693
1624;1696
1625;1698
1626;1698
1627;1699
1628;1699
1629;1703
1630;1705
1631;1707
1632;1710
1633;1710
1634;1711
1635;1711
1636;1713
1637;1714
1638;1714
1639;1714
1640;1714
1641;1714
1642;1715
1643;1716
1644;1719
1645;1719
1646;1721
1647;1722
1648;1723
1649;1723
1650;1725
1651;1726
1652;1729
1653;1730
1654;1732
1655;1733
1656;1733
1657;1733
1658;1735
1659;1735
1660;1738
1661;1738
1662;1738
1663;1739
1664;1739
1665;1741
1666;1741
1667;1742
1668;1742
1669;1745
1670;1745
1671;1748
1672;1749
1673;1749
1674;1752
1675;1752
1676;1752
1677;1752
1678;1752
1679;1754
1680;1754
1681;1757
1682;1757
1683;1757
1684;1759
1685;1761
1686;1761
1687;1762
1688;1767
1689;1767
1690;1767
1691;1769
1692;1770
1693;1770
1694;1770
1695;1772
1696;1773
1697;1773
1698;1774
1699;1774
1700;1774
1701;1775
1702;1776
1703;1777
1704;1779
1705;1779
1706;1779
1707;1780
1708;1780
1709;1782
1710;1782
1711;1782
1712;1784
1713;1785
1714;1786
1715;1789
1716;1789
1717;1791
1718;1791
1719;1792
1720;1794
1721;1794
1722;1797
1723;1797
1724;1798
1725;1799
1726;1799
1727;1801
1728;1802
1729;1804
1730;1805
1731;1805
1732;1805
1733;1807
1734;1809
1735;1809
1736;1810
1737;1810
1738;1811
1739;1811
1740;1814
1741;1814
1742;1816
1743;1816
1744;1816
1745;1818
1746;1819
1747;1819
1748;1822
1749;1824
1750;1824
1751;1824
1752;1826
1753;1826
1754;1828
1755;1828
1756;1829
1757;1830
1758;1832
1759;1832
1760;1836
1761;1838
1762;1838
1763;1843
1764;1843
1765;1845
1766;1846
1767;1846
1768;1846
1769;1846
1770;1848
1771;1848
1772;1849
1773;1849
1774;1849
1775;1850
1776;1850
1777;1851
1778;1851
1779;1853
1780;1855
1781;1855
1782;1855
1783;1855
1784;1858
1785;1858
1786;1859
1787;1859
1788;1861
1789;1862
1790;1864
1791;1864
1792;1865
1793;1865
1794;1866
1795;1866
1796;1866
1797;1868
1798;1870
1799;1870
1800;1873
1801;1876
1802;1876
1803;1877
1804;1877
1805;1877
1806;1877
1807;1879
1808;1881
1809;1881
1810;1884
1811;1884
1812;1886
1813;1886
1814;1888
1815;1888
1816;1890
1817;1890
1818;1893
1819;1893
1820;1893
1821;1896
1822;1896
1823;1897
1824;1898
1825;1899
1826;1901
1827;1901
1828;1902
1829;1902
1830;1903
1831;1903
1832;1907
1833;1908
1834;1908
1835;1908
1836;1909
1837;1909
1838;1911
1839;1912
1840;1912
1841;1914
1842;1914
1843;1914
1844;1915
1845;1916
1846;1918
1847;1918
1848;1918
1849;1920
1850;1923
1851;1923
1852;1924
1853;1924
1854;1926
1855;1926
1856;1927
1857;1927
1858;1930
1859;1930
1860;1930
1861;1933
1862;1933
1863;1934
1864;1935
1865;1935
1866;1937
1867;1938
1868;1939
1869;1939
1870;1940
1871;1942
1872;1942
1873;1944
1874;1946
1875;1947
1876;1947
1877;1948
1878;1949
1879;1951
1880;1952
1881;1952
1882;1953
1883;1954
1884;1954
1885;1956
1886;1957
1887;1960
1888;1960
1889;1960
1890;1960
1891;1961
1892;1963
1893;1965
1894;1965
1895;1966
1896;1966
1897;1967
1898;1969
1899;1969
1900;1970
1901;1972
1902;1973
1903;1974
1904;1977
1905;1978
1906;1979
1907;1980
1908;1983
1909;1983
1910;1983
1911;1984
1912;1985
1913;1986
1914;1987
1915;1989
1916;1989
1917;1990
1918;1991
1919;1991
1920;1991
1921;1994
1922;1995
1923;1995
1924;1995
1925;1997
1926;1998
1927;2000
1928;2000
1929;2001
1930;2002
1931;2003
1932;2005
1933;2008
1934;2008
1935;2009
1936;2010
1937;2010
1938;2012
1939;2013
1940;2013
1941;2015
1942;2015
1943;2017
1944;2017
1945;2018
1946;2020
1947;2023
1948;2023
1949;2023
1950;2025
1951;2026
1952;2027
1953;2028
1954;2029
1955;2030
1956;2033
1957;2033
1958;2033
1959;2034
1960;2034
1961;2036
1962;2036
1963;2036
1964;2036
1965;2038
1966;2039
1967;2039
1968;2041
1969;2044
1970;2044
1971;2044
1972;2046
1973;2049
1974;2049
1975;2049
1976;2050
1977;2050
1978;2052
1979;2054
1980;2054
1981;2054
1982;2054
1983;2055
1984;2058
1985;2060
1986;2061
1987;2061
1988;2062
1989;2062
1990;2062
1991;2063
1992;2063
1993;2067
1994;2069
1995;2069
1996;2069
1997;2071
1998;2071
1999;2072
2000;2072
2001;2073
2002;2075
2003;2077
2004;2078
2005;2078
2006;2081
2007;2082
2008;2083
2009;2083
2010;2085
2011;2086
2012;2088
2013;2088
2014;2091
2015;2091
2016;2091
2017;2094
2018;2094
2019;2095
2020;2095
2021;2098
2022;2098
2023;2098
2024;2100
2025;2100
2026;2101
2027;2101
2028;2101
2029;2104
2030;2105
2031;2107
2032;2108
2033;2109
2034;2109
2035;2110
2036;2110
2037;2112
2038;2115
2039;2115
2040;2115
2041;2117
2042;2119
2043;2119
2044;2119
2045;2121
2046;2123
2047;2126
2048;2126
2049;2126
2050;2128
2051;2128
2052;2128
2053;2128
2054;2128
2055;2129
2056;2129
2057;2133
2058;2133
2059;2133
2060;2134
2061;2135
2062;2136
2063;2138
2064;2138
2065;2140
2066;2141
2067;2141
2068;2144
2069;2144
2070;2144
2071;2145
2072;2145
2073;2147
2074;2147
2075;2150
2076;2150
2077;2152
2078;2152
2079;2152
2080;2152
2081;2153
2082;2154
2083;2158
2084;2158
2085;2160
2086;2160
2087;2162
2088;2163
2089;2163
2090;2164
2091;2164
2092;2165
2093;2166
2094;2168
2095;2168
2096;2169
2097;2171
2098;2171
2099;2174
2100;2174
2101;2175
2102;2175
2103;2177
2104;2177
2105;2178
2106;2178
2107;2182
2108;2182
2109;2182
2110;2183
2111;2184
2112;2186
2113;2186
2114;2187
2115;2188
2116;2189
2117;2190
2118;2191
2119;2191
2120;2193
2121;2195
2122;2196
2123;2198
2124;2198
2125;2200
2126;2200
2127;2200
2128;2202
2129;2205
2130;2205
2131;2205
2132;2206
2133;2206
2134;2208
2135;2208
2136;2210
2137;2212
2138;2212
2139;2212
2140;2215
2141;2216
2142;2216
2143;2216
2144;2216
2145;2217
2146;2217
2147;2219
2148;2220
2149;2221
2150;2222
2151;2223
2152;2224
2153;2224
2154;2226
2155;2226
2156;2230
2157;2230
2158;2230
2159;2230
2160;2231
2161;2233
2162;2234
2163;2236
2164;2236
2165;2238
2166;2238
2167;2238
2168;2242
2169;2243
2170;2243
2171;2245
2172;2247
2173;2247
2174;2248
2175;2248
2176;2251
2177;2251
2178;2252
2179;2252
2180;2252
2181;2253
2182;2255
2183;2256
2184;2256
2185;2257
2186;2259
2187;2260
2188;2261
2189;2262
2190;2265
2191;2265
2192;2268
2193;2270
2194;2270
2195;2270
2196;2270
2197;2270
2198;2271
2199;2273
2200;2274
2201;2276
2202;2276
2203;2276
2204;2278
2205;2279
2206;2281
2207;2282
2208;2282
2209;2284
2210;2286
2211;2287
2212;2287
2213;2287
2214;2290
2215;2290
2216;2290
2217;2290
2218;2292
2219;2296
2220;2296
2221;2296
2222;2298
2223;2298
2224;2298
2225;2301
2226;2301
2227;2302
2228;2302
2229;2303
2230;2305
2231;2305
2232;2306
2233;2309
2234;2312
2235;2313
2236;2313
2237;2315
2238;2315
2239;2317
2240;2317
2241;2319
2242;2324
2243;2326
2244;2326
2245;2326
2246;2326
2247;2327
2248;2327
2249;2327
2250;2327
2251;2329
2252;2331
2253;2331
2254;2331
2255;2331
2256;2332
2257;2333
2258;2333
2259;2335
2260;2337
2261;2337
2262;2337
2263;2337
2264;2339
2265;2339
2266;2339
2267;2340
2268;2342
2269;2342
2270;2345
2271;2349
2272;2353
2273;2353
2274;2353
2275;2355
2276;2357
2277;2357
2278;2358
2279;2358
2280;2358
2281;2358
2282;2358
2283;2358
2284;2358
2285;2358
2286;2360
2287;2360
2288;2361
2289;2362
2290;2362
2291;2363
2292;2363
2293;2366
2294;2369
2295;2369
2296;2369
2297;2369
2298;2371
2299;2372
2300;2373
2301;2373
2302;2374
2303;2375
2304;2376
2305;2376
2306;2379
2307;2379
2308;2380
2309;2383
2310;2383
2311;2383
2312;2385
2313;2385
2314;2385
2315;2387
2316;2388
2317;2388
2318;2392
2319;2392
2320;2392
2321;2394
2322;2394
2323;2394
2324;2397
2325;2397
2326;2399
2327;2400
2328;2400
2329;2400
2330;2401
2331;2404
2332;2404
2333;2404
2334;2407
2335;2410
2336;2412
2337;2415
2338;2415
2339;2416
2340;2416
2341;2416
2342;2418
2343;2418
2344;2418
2345;2419
2346;2421
2347;2424
2348;2424
2349;2425
2350;2425
2351;2425
2352;2425
2353;2425
2354;2428
2355;2428
2356;2431
2357;2431
2358;2432
2359;2434
2360;2434
2361;2435
2362;2437
2363;2437
2364;2438
2365;2440
2366;2440
2367;2442
2368;2442
2369;2443
2370;2444
2371;2444
2372;2446
2373;2447
2374;2449
2375;2449
2376;2449
2377;2450
2378;2451
2379;2451
2380;2453
2381;2456
2382;2456
2383;2456
2384;2457
2385;2460
2386;2460
2387;2460
2388;2464
2389;2464
2390;2464
2391;2464
2392;2467
2393;2467
2394;2468
2395;2470
2396;2472
2397;2473
2398;2473
2399;2473
2400;2476
2401;2476
2402;2477
2403;2477
2404;2478
2405;2478
2406;2479
2407;2479
2408;2482
2409;2482
2410;2484
2411;2485
2412;2485
2413;2486
2414;2488
2415;2491
2416;2491
2417;2492
2418;2492
2419;2494
2420;2496
2421;2496
2422;2499
2423;2499
2424;2500
2425;2500
2426;2500
2427;2500
2428;2501
2429;2501
2430;2504
2431;2504
2432;2505
2433;2505
2434;2507
2435;2507
2436;2508
2437;2509
2438;2509
2439;2509
2440;2513
2441;2513
2442;2515
2443;2516
2444;2517
2445;2517
2446;2521
2447;2521
2448;2523
2449;2523
2450;2523
2451;2524
2452;2524
2453;2525
2454;2528
2455;2528
2456;2529
2457;2529
2458;2530
2459;2532
2460;2533
2461;2533
2462;2534
2463;2535
2464;2535
2465;2537
2466;2537
2467;2540
2468;2540
2469;2540
2470;2541
2471;2542
2472;2545
2473;2545
2474;2547
2475;2547
2476;2548
2477;2549
2478;2549
2479;2549
2480;2552
2481;2552
2482;2554
2483;2554
2484;2554
2485;2556
2486;2558
2487;2559
2488;2561
2489;2561
2490;2563
2491;2563
2492;2565
2493;2568
2494;2568
2495;2568
2496;2569
2497;2569
2498;2569
2499;2571
2500;2572
2501;2572
2502;2576
2503;2576
2504;2576
2505;2577
2506;2577
2507;2578
2508;2580
2509;2580
2510;2580
2511;2584
2512;2584
2513;2584
2514;2584
2515;2585
2516;2585
2517;2588
2518;2589
2519;2591
2520;2592
2521;2594
2522;2595
2523;2595
2524;2600
2525;2600
2526;2600
2527;2601
2528;2603
2529;2604
2530;2604
2531;2605
2532;2605
2533;2606
2534;2606
2535;2607
2536;2608
2537;2608
2538;2609
2539;2610
2540;2613
2541;2613
2542;2614
2543;2614
2544;2614
2545;2615
2546;2617
2547;2617
2548;2620
2549;2620
2550;2621
2551;2621
2552;2622
2553;2625
2554;2625
2555;2629
2556;2629
2557;2629
2558;2633
2559;2633
2560;2633
2561;2633
2562;2634
2563;2637
2564;2637
2565;2637
2566;2637
2567;2637
2568;2639
2569;2639
2570;2639
2571;2641
2572;2641
2573;2642
2574;2644
2575;2644
2576;2646
2577;2646
2578;2650
2579;2652
2580;2652
2581;2652
2582;2653
2583;2653
2584;2654
2585;2657
2586;2658
2587;2659
2588;2660
2589;2662
2590;2664
2591;2664
2592;2664
2593;2667
2594;2667
2595;2669
2596;2669
2597;2669
2598;2669
2599;2672
2600;2672
2601;2673
2602;2673
2603;2675
2604;2676
2605;2676
2606;2680
2607;2680
2608;2683
2609;2683
2610;2683
2611;2684
2612;2687
2613;2687
2614;2688
2615;2689
2616;2689
2617;2692
2618;2692
2619;2692
2620;2696
2621;2697
2622;2697
2623;2697
2624;2697
2625;2699
2626;2700
2627;2700
2628;2700
2629;2700
2630;2700
2631;2700
2632;2703
2633;2703
2634;2704
2635;2705
2636;2705
2637;2708
2638;2709
2639;2710
2640;2711
2641;2711
2642;2713
2643;2715
2644;2716
2645;2718
2646;2718
2647;2720
2648;2720
2649;2721
2650;2722
2651;2723
2652;2724
2653;2727
2654;2727
2655;2730
2656;2732
2657;2732
2658;2735
2659;2736
2660;2736
2661;2736
2662;2738
2663;2738
2664;2738
2665;2740
2666;2741
2667;2741
2668;2743
2669;2743
2670;2745
2671;2746
2672;2746
2673;2746
2674;2746
2675;2747
2676;2747
2677;2750
2678;2750
2679;2752
2680;2755
2681;2755
2682;2755
2683;2755
2684;2756
2685;2757
2686;2758
2687;2761
2688;2761
2689;2761
2690;2761
2691;2763
2692;2763
2693;2763
2694;2764
2695;2764
2696;2766
2697;2766
2698;2769
2699;2769
2700;2770
2701;2772
2702;2772
2703;2775
2704;2775
2705;2776
2706;2777
2707;2777
2708;2780
2709;2784
2710;2784
2711;2786
2712;2786
2713;2786
2714;2786
2715;2786
2716;2788
2717;2788
2718;2790
2719;2790
2720;2790
2721;2792
2722;2792
2723;2793
2724;2793
2725;2794
2726;2795
2727;2798
2728;2799
2729;2799
2730;2803
2731;2803
2732;2804
2733;2804
2734;2806
2735;2806
2736;2808
2737;2809
2738;2809
2739;2810
2740;2812
2741;2814
2742;2816
2743;2816
2744;2817
2745;2818
2746;2820
2747;2821
2748;2824
2749;2824
2750;2824
2751;2826
2752;2828
2753;2828
2754;2829
2755;2832
2756;2833
2757;2833
2758;2833
2759;2836
2760;2837
2761;2837
2762;2837
2763;2838
2764;2841
2765;2841
2766;2842
2767;2842
2768;2842
2769;2844
2770;2846
2771;2846
2772;2848
2773;2848
2774;2848
2775;2850
2776;2850
2777;2851
2778;2851
2779;2853
2780;2855
2781;2855
2782;2855
2783;2856
2784;2856
2785;2856
2786;2858
2787;2860
2788;2860
2789;2862
2790;2862
2791;2864
2792;2865
2793;2865
2794;2866
2795;2868
2796;2869
2797;2871
2798;2871
2799;2872
2800;2872
2801;2874
2802;2876
2803;2876
2804;2877
2805;2878
2806;2879
2807;2879
2808;2881
2809;2882
2810;2886
2811;2886
2812;2889
2813;2889
2814;2890
2815;2890
2816;2890
2817;2892
2818;2896
2819;2896
2820;2897
2821;2897
2822;2897
2823;2898
2824;2899
2825;2899
2826;2904
2827;2904
2828;2905
2829;2905
2830;2905
2831;2907
2832;2907
2833;2908
2834;2908
2835;2909
2836;2911
2837;2913
2838;2913
2839;2913
2840;2917
2841;2917
2842;2917
2843;2917
2844;2920
2845;2921
2846;2921
2847;2922
2848;2923
2849;2925
2850;2925
2851;2925
2852;2925
2853;2928
2854;2929
2855;2929
2856;2930
2857;2931
2858;2931
2859;2934
2860;2934
2861;2934
2862;2935
2863;2936
2864;2938
2865;2939
2866;2943
2867;2943
2868;2944
2869;2944
2870;2947
2871;2947
2872;2947
2873;2947
2874;2949
2875;2949
2876;2950
2877;2951
2878;2953
2879;2955
2880;2957
2881;2957
2882;2959
2883;2959
2884;2959
2885;2960
2886;2962
2887;2962
2888;2962
2889;2963
2890;2965
2891;2965
2892;2965
2893;2969
2894;2969
2895;2970
2896;2972
2897;2973
2898;2974
2899;2974
2900;2976
2901;2976
2902;2977
2903;2978
2904;2979
2905;2979
2906;2980
2907;2980
2908;2984
2909;2984
2910;2985
2911;2985
2912;2988
2913;2988
2914;2988
2915;2990
2916;2990
2917;2990
2918;2992
2919;2993
2920;2997
2921;2998
2922;2998
2923;2998
2924;2999
2925;3000
2926;3000
2927;3005
2928;3005
2929;3005
2930;3006
2931;3007
2932;3007
2933;3009
2934;3009
2935;3009
2936;3013
2937;3013
2938;3013
2939;3015
2940;3018
2941;3018
2942;3018
2943;3020
2944;3021
2945;3021
2946;3025
2947;3025
2948;3026
2949;3026
2950;3028
2951;3028
2952;3028
2953;3030
2954;3032
2955;3035
2956;3035
2957;3035
2958;3037
2959;3037
2960;3037
2961;3038
2962;3038
2963;3041
2964;3042
2965;3042
2966;3042
2967;3044
2968;3044
2969;3045
2970;3046
2971;3047
2972;3047
2973;3047
2974;3049
2975;3050
2976;3050
2977;3050
2978;3052
2979;3055
2980;3055
2981;3055
2982;3055
2983;3056
2984;3056
2985;3057
2986;3057
2987;3057
2988;3059
2989;3059
2990;3060
2991;3062
2992;3064
2993;3064
2994;3065
2995;3065
2996;3067
2997;3067
2998;3070
2999;3073
3000;3074
3001;3074
3002;3074
3003;3077
3004;3077
3005;3078
3006;3079
3007;3079
3008;3079
3009;3080
3010;3082
3011;3082
3012;3083
3013;3083
3014;3086
3015;3086
3016;3089
3017;3089
3018;3089
3019;3090
3020;3092
3021;3092
3022;3093
3023;3094
3024;3096
3025;3098
3026;3098
3027;3098
3028;3103
3029;3103
3030;3103
3031;3104
3032;3105
3033;3105
3034;3110
3035;3110
3036;3113
3037;3113
3038;3116
3039;3116
3040;3116
3041;3116
3042;3118
3043;3118
3044;3119
3045;3119
3046;3119
3047;3119
3048;3122
3049;3122
3050;3122
3051;3123
3052;3126
3053;3126
3054;3128
3055;3128
3056;3128
3057;3128
3058;3128
3059;3131
3060;3131
3061;3131
3062;3133
3063;3134
3064;3134
3065;3134
3066;3136
3067;3136
3068;3139
3069;3139
3070;3140
3071;3141
3072;3143
3073;3143
3074;3144
3075;3144
3076;3146
3077;3149
3078;3150
3079;3152
3080;3152
3081;3152
3082;3154
3083;3154
3084;3155
3085;3156
3086;3159
3087;3159
3088;3159
3089;3160
3090;3160
3091;3162
3092;3164
3093;3165
3094;3165
3095;3166
3096;3168
3097;3171
3098;3173
3099;3173
3100;3173
3101;3173
3102;3175
3103;3178
3104;3181
3105;3184
3106;3184
3107;3184
3108;3186
3109;3186
3110;3186
3111;3186
3112;3186
3113;3187
3114;3187
3115;3189
3116;3189
3117;3190
3118;3190
3119;3192
3120;3192
3121;3194
3122;3198
3123;3198
3124;3198
3125;3200
3126;3201
3127;3201
3128;3204
3129;3204
3130;3204
3131;3206
3132;3206
3133;3207
3134;3209
3135;3209
3136;3210
3137;3210
3138;3213
3139;3213
3140;3213
3141;3213
3142;3217
3143;3217
3144;3217
3145;3220
3146;3220
3147;3220
3148;3220
3149;3222
3150;3224
3151;3226
3152;3226
3153;3226
3154;3227
3155;3229
3156;3230
3157;3230
3158;3233
3159;3233
3160;3233
3161;3236
3162;3236
3163;3237
3164;3237
3165;3239
3166;3239
3167;3242
3168;3242
3169;3242
3170;3243
3171;3244
3172;3244
3173;3245
3174;3247
3175;3247
3176;3250
3177;3251
3178;3255
3179;3255
3180;3255
3181;3255
3182;3258
3183;3260
3184;3260
3185;3261
3186;3262
3187;3264
3188;3266
3189;3266
3190;3267
3191;3267
3192;3267
3193;3267
3194;3267
3195;3269
3196;3269
3197;3271
3198;3271
3199;3273
3200;3273
3201;3275
3202;3275
3203;3275
3204;3275
3205;3277
3206;3279
3207;3280
3208;3280
3209;3282
3210;3282
3211;3288
3212;3290
3213;3290
3214;3291
3215;3291
3216;3291
3217;3291
3218;3293
3219;3293
3220;3293
3221;3295
3222;3295
3223;3295
3224;3297
3225;3297
3226;3299
3227;3300
3228;3301
3229;3301
3230;3301
3231;3301
3232;3303
3233;3304
3234;3306
3235;3306
3236;3307
3237;3307
3238;3309
3239;3312
3240;3313
3241;3313
3242;3314
3243;3314
3244;3314
3245;3317
3246;3317
3247;3320
3248;3320
3249;3323
3250;3323
3251;3323
3252;3323
3253;3323
3254;3326
3255;3328
3256;3330
3257;3330
3258;3330
3259;3330
3260;3333
3261;3333
3262;3335
3263;3337
3264;3339
3265;3339
3266;3341
3267;3343
3268;3343
3269;3345
3270;3345
3271;3345
3272;3345
3273;3345
3274;3345
3275;3347
3276;3347
3277;3348
3278;3348
3279;3349
3280;3350
3281;3350
3282;3353
3283;3353
3284;3358
3285;3359
3286;3359
3287;3360
3288;3360
3289;3364
3290;3364
3291;3365
3292;3366
3293;3367
3294;3367
3295;3368
3296;3368
3297;3372
3298;3372
3299;3373
3300;3373
3301;3373
3302;3376
3303;3376
3304;3376
3305;3378
3306;3378
3307;3380
3308;3380
3309;3381
3310;3381
3311;3383
3312;3386
3313;3386
3314;3386
3315;3387
3316;3388
3317;3390
3318;3391
3319;3393
3320;3393
3321;3394
3322;3395
3323;3395
3324;3398
3325;3398
3326;3399
3327;3399
3328;3401
3329;3401
3330;3402
3331;3403
3332;3405
3333;3405
3334;3408
3335;3408
3336;3408
3337;3410
3338;3411
3339;3412
3340;3416
3341;3416
3342;3417
3343;3417
3344;3417
3345;3420
3346;3420
3347;3421
3348;3421
3349;3424
3350;3424
3351;3425
3352;3425
3353;3427
3354;3427
3355;3430
3356;3430
3357;3432
3358;3432
3359;3432
3360;3433
3361;3436
3362;3436
3363;3437
3364;3438
3365;3439
3366;3439
3367;3439
3368;3439
3369;3442
3370;3442
3371;3444
3372;3445
3373;3446
3374;3446
3375;3448
3376;3449
3377;3451
3378;3451
3379;3452
3380;3454
3381;3454
3382;3455
3383;3456
3384;3460
3385;3460
3386;3460
3387;3461
3388;3461
3389;3462
3390;3464
3391;3465
3392;3465
3393;3467
3394;3467
3395;3467
3396;3469
3397;3469
3398;3470
3399;3473
3400;3475
3401;3475
3402;3478
3403;3479
3404;3481
3405;3481
3406;3482
3407;3482
3408;3482
3409;3483
3410;3483
3411;3485
3412;3485
3413;3485
3414;3488
3415;3490
3416;3492
3417;3492
3418;3493
3419;3493
3420;3494
3421;3494
3422;3497
3423;3497
3424;3497
3425;3497
3426;3498
3427;3499
3428;3499
3429;3501
3430;3505
3431;3505
3432;3505
3433;3506
3434;3506
3435;3507
3436;3509
3437;3511
3438;3511
3439;3511
3440;3511
3441;3514
3442;3514
3443;3517
3444;3518
3445;3521
3446;3521
3447;3521
3448;3523
3449;3524
3450;3524
3451;3528
3452;3529
3453;3529
3454;3529
3455;3531
3456;3531
3457;3531
3458;3531
3459;3531
3460;3533
3461;3533
3462;3534
3463;3535
3464;3535
3465;3535
3466;3537
3467;3538
3468;3539
3469;3539
3470;3542
3471;3542
3472;3543
3473;3543
3474;3543
3475;3543
3476;3545
3477;3547
3478;3547
3479;3547
3480;3549
3481;3550
3482;3553
3483;3553
3484;3554
3485;3556
3486;3556
3487;3557
3488;3558
3489;3560
3490;3560
3491;3561
3492;3562
3493;3563
3494;3565
3495;3566
3496;3566
3497;3567
3498;3571
3499;3572
3500;3572
3501;3572
3502;3573
3503;3574
3504;3575
3505;3577
3506;3581
3507;3581
3508;3581
3509;3583
3510;3583
3511;3585
3512;3587
3513;3587
3514;3587
3515;3589
3516;3589
3517;3590
3518;3591
3519;3593
3520;3595
3521;3595
3522;3599
3523;3601
3524;3602
3525;3604
3526;3605
3527;3605
3528;3607
3529;3608
3530;3609
3531;3609
3532;3611
3533;3611
3534;3613
3535;3613
3536;3615
3537;3615
3538;3619
3539;3619
3540;3619
3541;3620
3542;3620
3543;3620
3544;3621
3545;3621
3546;3624
3547;3624
3548;3625
3549;3625
3550;3625
3551;3628
3552;3628
3553;3629
3554;3629
3555;3632
3556;3632
3557;3632
3558;3636
3559;3636
3560;3636
3561;3637
3562;3637
3563;3639
3564;3639
3565;3640
3566;3643
3567;3643
3568;3643
3569;3646
3570;3646
3571;3647
3572;3647
3573;3647
3574;3649
3575;3649
3576;3649
3577;3651
3578;3651
3579;3651
3580;3653
3581;3653
3582;3655
3583;3655
3584;3655
3585;3657
3586;3657
3587;3657
3588;3660
3589;3660
3590;3660
3591;3661
3592;3661
3593;3665
3594;3666
3595;3666
3596;3668
3597;3668
3598;3670
3599;3675
3600;3675
3601;3675
3602;3675
3603;3675
3604;3680
3605;3681
3606;3681
3607;3684
3608;3684
3609;3687
3610;3688
3611;3688
3612;3689
3613;3692
3614;3693
3615;3693
3616;3694
3617;3694
3618;3695
3619;3697
3620;3698
3621;3698
3622;3701
3623;3701
3624;3701
3625;3703
3626;3703
3627;3705
3628;3705
3629;3706
3630;3708
3631;3709
3632;3711
3633;3711
3634;3713
3635;3713
3636;3714
3637;3715
3638;3716
3639;3716
3640;3716
3641;3716
3642;3718
3643;3720
3644;3720
3645;3721
3646;3724
3647;3724
3648;3724
3649;3724
3650;3726
3651;3727
3652;3730
3653;3730
3654;3730
3655;3732
3656;3732
3657;3733
3658;3733
3659;3734
3660;3737
3661;3737
3662;3737
3663;3737
3664;3738
3665;3740
3666;3741
3667;3741
3668;3742
3669;3743
3670;3746
3671;3746
3672;3746
3673;3746
3674;3750
3675;3751
3676;3752
3677;3752
3678;3754
3679;3757
3680;3757
3681;3758
3682;3758
3683;3759
3684;3759
3685;3761
3686;3761
3687;3761
3688;3761
3689;3763
3690;3764
3691;3764
3692;3766
3693;3766
3694;3767
3695;3770
3696;3771
3697;3771
3698;3773
3699;3773
3700;3773
3701;3777
3702;3777
3703;3778
3704;3781
3705;3781
3706;3781
3707;3783
3708;3784
3709;3785
3710;3785
3711;3786
3712;3788
3713;3788
3714;3788
3715;3792
3716;3792
3717;3793
3718;3794
3719;3794
3720;3795
3721;3796
3722;3798
3723;3798
3724;3799
3725;3799
3726;3801
3727;3803
3728;3803
3729;3803
3730;3806
3731;3808
3732;3812
3733;3813
3734;3813
3735;3813
3736;3813
3737;3813
3738;3813
3739;3814
3740;3816
3741;3817
3742;3817
3743;3818
3744;3818
3745;3820
3746;3820
3747;3821
3748;3821
3749;3823
3750;3825
3751;3825
3752;3825
3753;3825
3754;3827
3755;3828
3756;3828
3757;3828
3758;3830
3759;3830
3760;3833
3761;3834
3762;3834
3763;3837
3764;3838
3765;3838
3766;3838
3767;3840
3768;3844
3769;3844
3770;3844
3771;3844
3772;3846
3773;3848
3774;3848
3775;3853
3776;3853
3777;3855
3778;3857
3779;3857
3780;3858
3781;3858
3782;3859
3783;3859
3784;3862
3785;3862
3786;3865
3787;3867
3788;3867
3789;3869
3790;3869
3791;3871
3792;3871
3793;3871
3794;3873
3795;3873
3796;3873
3797;3873
3798;3874
3799;3874
3800;3874
3801;3874
3802;3877
3803;3878
3804;3878
3805;3880
3806;3880
3807;3884
3808;3884
3809;3884
3810;3886
3811;3886
3812;3887
3813;3889
3814;3889
3815;3891
3816;3891
3817;3891
3818;3891
3819;3894
3820;3897
3821;3897
3822;3898
3823;3898
3824;3898
3825;3899
3826;3899
3827;3899
3828;3899
3829;3900
3830;3901
3831;3902
3832;3903
3833;3905
3834;3905
3835;3906
3836;3906
3837;3912
3838;3912
3839;3912
3840;3912
3841;3914
3842;3914
3843;3914
3844;3917
3845;3918
3846;3918
3847;3918
3848;3921
3849;3923
3850;3923
3851;3923
3852;3925
3853;3927
3854;3927
3855;3932
3856;3940
3857;3940
3858;3941
3859;3941
3860;3941
3861;3941
3862;3941
3863;3941
3864;3941
3865;3942
3866;3942
3867;3942
3868;3942
3869;3942
3870;3945
3871;3945
3872;3946
3873;3947
3874;3947
3875;3952
3876;3956
3877;3956
3878;3957
3879;3957
3880;3957
3881;3959
3882;3959
3883;3960
3884;3964
3885;3966
3886;3968
3887;3968
3888;3968
3889;3972
3890;3972
3891;3973
3892;3973
3893;3973
3894;3975
3895;3975
3896;3975
3897;3977
3898;3977
3899;3977
3900;3978
3901;3978
3902;3979
3903;3979
3904;3982
3905;3982
3906;3985
3907;3985
3908;3986
3909;3986
3910;3987
3911;3987
3912;3987
3913;3990
3914;3990
3915;3990
3916;3990
3917;3992
3918;3992
3919;3993
3920;3993
3921;3994
3922;3994
3923;3996
3924;3996
3925;3997
3926;3998
3927;4000
3928;4002
3929;4002
3930;4003
3931;4004
3932;4005
3933;4006
3934;4006
3935;4008
3936;4012
3937;4012
3938;4012
3939;4014
3940;4015
3941;4015
3942;4018
3943;4018
3944;4018
3945;4020
3946;4021
3947;4021
3948;4024
3949;4024
3950;4024
3951;4025
3952;4025
3953;4028
3954;4030
3955;4030
3956;4030
3957;4031
3958;4033
3959;4033
3960;4035
3961;4035
3962;4035
3963;4035
3964;4037
3965;4037
3966;4039
3967;4041
3968;4041
3969;4041
3970;4042
3971;4043
3972;4046
3973;4046
3974;4046
3975;4046
3976;4049
3977;4049
3978;4051
3979;4054
3980;4054
3981;4055
3982;4055
3983;4055
3984;4056
3985;4058
3986;4058
3987;4058
3988;4060
3989;4061
3990;4061
3991;4064
3992;4064
3993;4064
3994;4064
3995;4067
3996;4067
3997;4073
3998;4073
3999;4073
4000;4074
4001;4074
4002;4076
4003;4076
4004;4076
4005;4078
4006;4079
4007;4079
4008;4079
4009;4080
4010;4082
4011;4082
4012;4082
4013;4082
4014;4083
4015;4085
4016;4086
4017;4086
4018;4088
4019;4089
4020;4090
4021;4092
4022;4093
4023;4093
4024;4096
4025;4097
4026;4100
4027;4101
4028;4101
4029;4101
4030;4102
4031;4106
4032;4106
4033;4106
4034;4106
4035;4106
4036;4109
4037;4109
4038;4109
4039;4111
4040;4112
4041;4112
4042;4116
4043;4116
4044;4119
4045;4121
4046;4121
4047;4121
4048;4122
4049;4122
4050;4124
4051;4124
4052;4124
4053;4126
4054;4129
4055;4129
4056;4130
4057;4130
4058;4132
4059;4132
4060;4132
4061;4133
4062;4133
4063;4136
4064;4136
4065;4136
4066;4137
4067;4139
4068;4139
4069;4140
4070;4142
4071;4142
4072;4142
4073;4144
4074;4144
4075;4146
4076;4146
4077;4147
4078;4148
4079;4149
4080;4150
4081;4151
4082;4154
4083;4154
4084;4156
4085;4157
4086;4157
4087;4157
4088;4160
4089;4163
4090;4163
4091;4163
4092;4163
4093;4165
4094;4166
4095;4166
4096;4168
4097;4168
4098;4169
4099;4169
4100;4169
4101;4173
4102;4174
4103;4175
4104;4175
4105;4176
4106;4179
4107;4179
4108;4182
4109;4182
4110;4182
4111;4183
4112;4183
4113;4183
4114;4184
4115;4185
4116;4185
4117;4187
4118;4187
4119;4188
4120;4190
4121;4192
4122;4192
4123;4192
4124;4194
4125;4194
4126;4196
4127;4198
4128;4203
4129;4203
4130;4203
4131;4203
4132;4203
4133;4205
4134;4207
4135;4209
4136;4209
4137;4209
4138;4211
4139;4211
4140;4213
4141;4214
4142;4214
4143;4214
4144;4217
4145;4217
4146;4219
4147;4222
4148;4222
4149;4222
4150;4223
4151;4226
4152;4226
4153;4229
4154;4229
4155;4231
4156;4231
4157;4231
4158;4233
4159;4235
4160;4235
4161;4236
4162;4236
4163;4237
4164;4239
4165;4239
4166;4239
4167;4242
4168;4242
4169;4243
4170;4247
4171;4247
4172;4247
4173;4247
4174;4247
4175;4248
4176;4248
4177;4249
4178;4254
4179;4256
4180;4256
4181;4257
4182;4257
4183;4257
4184;4259
4185;4261
4186;4261
4187;4263
4188;4263
4189;4265
4190;4265
4191;4265
4192;4265
4193;4269
4194;4269
4195;4269
4196;4269
4197;4269
4198;4270
4199;4270
4200;4272
4201;4272
4202;4272
4203;4275
4204;4275
4205;4276
4206;4276
4207;4277
4208;4277
4209;4279
4210;4279
4211;4280
4212;4282
4213;4283
4214;4283
4215;4285
4216;4286
4217;4286
4218;4286
4219;4287
4220;4289
4221;4290
4222;4291
4223;4294
4224;4296
4225;4299
4226;4299
4227;4301
4228;4302
4229;4302
4230;4304
4231;4306
4232;4306
4233;4308
4234;4308
4235;4308
4236;4308
4237;4309
4238;4309
4239;4310
4240;4312
4241;4313
4242;4315
4243;4315
4244;4317
4245;4320
4246;4320
4247;4321
4248;4321
4249;4323
4250;4323
4251;4324
4252;4325
4253;4328
4254;4328
4255;4328
4256;4328
4257;4330
4258;4330
4259;4330
4260;4332
4261;4335
4262;4336
4263;4336
4264;4337
4265;4337
4266;4340
4267;4340
4268;4341
4269;4344
4270;4344
4271;4344
4272;4346
4273;4346
4274;4348
4275;4348
4276;4349
4277;4351
4278;4351
4279;4351
4280;4352
4281;4353
4282;4355
4283;4355
4284;4356
4285;4357
4286;4358
4287;4359
4288;4360
4289;4362
4290;4365
4291;4365
4292;4368
4293;4368
4294;4368
4295;4368
4296;4368
4297;4370
4298;4370
4299;4370
4300;4375
4301;4375
4302;4375
4303;4376
4304;4379
4305;4379
4306;4382
4307;4382
4308;4383
4309;4383
4310;4384
4311;4385
4312;4387
4313;4388
4314;4388
4315;4389
4316;4389
4317;4390
4318;4393
4319;4393
4320;4393
4321;4396
4322;4398
4323;4398
4324;4399
4325;4399
4326;4399
4327;4399
4328;4400
4329;4400
4330;4400
4331;4403
4332;4404
4333;4404
4334;4405
4335;4408
4336;4409
4337;4410
4338;4410
4339;4411
4340;4412
4341;4414
4342;4414
4343;4416
4344;4416
4345;4419
4346;4419
4347;4419
4348;4420
4349;4424
4350;4424
4351;4428
4352;4428
4353;4428
4354;4428
4355;4429
4356;4430
4357;4433
4358;4433
4359;4433
4360;4434
4361;4435
4362;4435
4363;4436
4364;4438
4365;4439
4366;4439
4367;4441
4368;4441
4369;4441
4370;4441
4371;4443
4372;4443
4373;4443
4374;4449
4375;4449
4376;4452
4377;4453
4378;4453
4379;4455
4380;4455
4381;4458
4382;4458
4383;4458
4384;4459
4385;4459
4386;4460
4387;4460
4388;4462
4389;4463
4390;4464
4391;4466
4392;4466
4393;4468
4394;4468
4395;4468
4396;4469
4397;4469
4398;4472
4399;4473
4400;4475
4401;4475
4402;4475
4403;4475
4404;4475
4405;4475
4406;4475
4407;4478
4408;4481
4409;4481
4410;4481
4411;4482
4412;4482
4413;4483
4414;4485
4415;4485
4416;4487
4417;4487
4418;4488
4419;4488
4420;4489
4421;4490
4422;4493
4423;4493
4424;4494
4425;4495
4426;4496
4427;4496
4428;4501
4429;4503
4430;4503
4431;4504
4432;4504
4433;4504
4434;4505
4435;4506
4436;4508
4437;4508
4438;4508
4439;4508
4440;4510
4441;4510
4442;4511
4443;4514
4444;4514
4445;4514
4446;4514
4447;4516
4448;4517
4449;4519
4450;4519
4451;4519
4452;4519
4453;4523
4454;4524
4455;4524
4456;4526
4457;4527
4458;4527
4459;4528
4460;4530
4461;4530
4462;4531
4463;4534
4464;4534
4465;4534
4466;4536
4467;4537
4468;4539
4469;4539
4470;4539
4471;4540
4472;4544
4473;4544
4474;4546
4475;4546
4476;4547
4477;4548
4478;4549
4479;4550
4480;4552
4481;4553
4482;4555
4483;4555
4484;4557
4485;4559
4486;4559
4487;4559
4488;4560
4489;4562
4490;4564
4491;4566
4492;4566
4493;4568
4494;4571
4495;4571
4496;4571
4497;4571
4498;4572
4499;4572
4500;4573
4501;4574
4502;4574
4503;4574
4504;4576
4505;4576
4506;4579
4507;4582
4508;4584
4509;4586
4510;4586
4511;4586
4512;4586
4513;4588
4514;4590
4515;4591
4516;4591
4517;4594
4518;4596
4519;4596
4520;4596
4521;4598
4522;4599
4523;4600
4524;4600
4525;4600
4526;4601
4527;4601
4528;4603
4529;4605
4530;4605
4531;4607
4532;4607
4533;4608
4534;4608
4535;4610
4536;4610
4537;4611
4538;4613
4539;4613
4540;4615
4541;4616
4542;4616
4543;4616
4544;4616
4545;4617
4546;4618
4547;4619
4548;4619
4549;4621
4550;4623
4551;4624
4552;4625
4553;4627
4554;4629
4555;4629
4556;4629
4557;4630
4558;4632
4559;4632
4560;4632
4561;4633
4562;4635
4563;4638
4564;4638
4565;4639
4566;4641
4567;4641
4568;4642
4569;4642
4570;4643
4571;4644
4572;4647
4573;4647
4574;4649
4575;4652
4576;4654
4577;4654
4578;4656
4579;4656
4580;4659
4581;4659
4582;4659
4583;4661
4584;4661
4585;4661
4586;4661
4587;4663
4588;4663
4589;4664
4590;4664
4591;4664
4592;4667
4593;4669
4594;4670
4595;4670
4596;4670
4597;4673
4598;4675
4599;4675
4600;4676
4601;4676
4602;4677
4603;4678
4604;4678
4605;4680
4606;4680
4607;4681
4608;4684
4609;4684
4610;4685
4611;4686
4612;4687
4613;4687
4614;4689
4615;4689
4616;4692
4617;4692
4618;4694
4619;4695
4620;4695
4621;4695
4622;4696
4623;4696
4624;4697
4625;4697
4626;4698
4627;4698
4628;4701
4629;4704
4630;4705
4631;4705
4632;4705
4633;4707
4634;4708
4635;4708
4636;4709
4637;4710
4638;4711
4639;4712
4640;4714
4641;4714
4642;4714
4643;4721
4644;4723
4645;4723
4646;4723
4647;4723
4648;4723
4649;4724
4650;4724
4651;4724
4652;4727
4653;4727
4654;4728
4655;4728
4656;4728
4657;4733
4658;4735
4659;4736
4660;4736
4661;4739
4662;4741
4663;4741
4664;4741
4665;4744
4666;4744
4667;4746
4668;4746
4669;4746
4670;4746
4671;4748
4672;4750
4673;4750
4674;4751
4675;4751
4676;4754
4677;4755
4678;4756
4679;4756
4680;4756
4681;4756
4682;4758
4683;4758
4684;4758
4685;4758
4686;4760
4687;4760
4688;4761
4689;4761
4690;4762
4691;4763
4692;4763
4693;4765
4694;4765
4695;4768
4696;4770
4697;4771
4698;4771
4699;4773
4700;4773
4701;4773
4702;4775
4703;4777
4704;4778
4705;4778
4706;4778
4707;4778
4708;4778
4709;4779
4710;4780
4711;4782
4712;4782
4713;4784
4714;4784
4715;4787
4716;4787
4717;4789
4718;4790
4719;4790
4720;4792
4721;4792
4722;4792
4723;4793
4724;4796
4725;4798
4726;4798
4727;4799
4728;4799
4729;4802
4730;4802
4731;4802
4732;4803
4733;4806
4734;4808
4735;4808
4736;4810
4737;4810
4738;4813
4739;4813
4740;4815
4741;4817
4742;4817
4743;4821
4744;4821
4745;4823
4746;4823
4747;4828
4748;4828
4749;4829
4750;4829
4751;4831
4752;4831
4753;4831
4754;4831
4755;4831
4756;4833
4757;4834
4758;4834
4759;4836
4760;4837
4761;4837
4762;4837
4763;4840
4764;4841
4765;4841
4766;4841
4767;4843
4768;4843
4769;4846
4770;4848
4771;4848
4772;4848
4773;4849
4774;4849
4775;4851
4776;4851
4777;4853
4778;4855
4779;4855
4780;4856
4781;4856
4782;4857
4783;4858
4784;4859
4785;4861
4786;4861
4787;4861
4788;4861
4789;4864
4790;4865
4791;4866
4792;4867
4793;4867
4794;4869
4795;4871
4796;4871
4797;4872
4798;4875
4799;4875
4800;4876
4801;4877
4802;4877
4803;4879
4804;4881
4805;4881
4806;4881
4807;4883
4808;4883
4809;4884
4810;4886
4811;4886
4812;4886
4813;4887
4814;4889
4815;4890
4816;4891
4817;4891
4818;4892
4819;4892
4820;4892
4821;4895
4822;4895
4823;4895
4824;4897
4825;4899
4826;4899
4827;4899
4828;4899
4829;4906
4830;4907
4831;4907
4832;4909
4833;4911
4834;4911
4835;4916
4836;4916
4837;4916
4838;4916
4839;4916
4840;4916
4841;4916
4842;4917
4843;4917
4844;4920
4845;4920
4846;4920
4847;4920
4848;4922
4849;4922
4850;4923
4851;4925
4852;4926
4853;4926
4854;4927
4855;4927
4856;4927
4857;4929
4858;4929
4859;4931
4860;4931
4861;4934
4862;4934
4863;4937
4864;4938
4865;4939
4866;4939
4867;4939
4868;4941
4869;4942
4870;4942
4871;4942
4872;4944
4873;4944
4874;4947
4875;4947
4876;4947
4877;4951
4878;4951
4879;4952
4880;4952
4881;4954
4882;4954
4883;4954
4884;4956
4885;4956
4886;4957
4887;4959
4888;4959
4889;4961
4890;4961
4891;4963
4892;4963
4893;4963
4894;4964
4895;4965
4896;4966
4897;4967
4898;4968
4899;4972
4900;4973
4901;4974
4902;4975
4903;4975
4904;4975
4905;4977
4906;4979
4907;4979
4908;4981
4909;4981
4910;4981
4911;4981
4912;4984
4913;4984
4914;4986
4915;4986
4916;4990
4917;4990
4918;4992
4919;4993
4920;4995
4921;4995
4922;4995
4923;4996
4924;4998
4925;4998
4926;4999
4927;5001
4928;5001
4929;5003
4930;5005
4931;5005
4932;5005
4933;5005
4934;5008
4935;5008
4936;5009
4937;5011
4938;5011
4939;5011
4940;5013
4941;5014
4942;5016
4943;5017
4944;5021
4945;5021
4946;5021
4947;5022
4948;5024
4949;5024
4950;5026
4951;5028
4952;5028
4953;5029
4954;5029
4955;5029
4956;5032
4957;5032
4958;5032
4959;5032
4960;5033
4961;5033
4962;5034
4963;5035
4964;5036
4965;5037
4966;5039
4967;5039
4968;5039
4969;5041
4970;5044
4971;5045
4972;5045
4973;5045
4974;5047
4975;5047
4976;5048
4977;5049
4978;5050
4979;5051
4980;5052
4981;5052
4982;5056
4983;5056
4984;5057
4985;5058
4986;5060
4987;5060
4988;5061
4989;5061
4990;5063
4991;5064
4992;5065
4993;5066
4994;5066
4995;5068
4996;5068
4997;5069
4998;5071
4999;5074
5000;5074
5001;5076
5002;5076
5003;5076
5004;5078
5005;5080
5006;5080
5007;5082
5008;5082
5009;5084
5010;5084
5011;5084
5012;5086
5013;5086
5014;5088
5015;5088
5016;5088
5017;5089
5018;5090
5019;5090
5020;5092
5021;5095
5022;5096
5023;5096
5024;5096
5025;5097
5026;5098
5027;5099
5028;5100
5029;5101
5030;5105
5031;5106
5032;5106
5033;5106
5034;5109
5035;5109
5036;5109
5037;5109
5038;5110
5039;5110
5040;5113
5041;5114
5042;5114
5043;5116
5044;5116
5045;5117
5046;5120
5047;5120
5048;5120
5049;5121
5050;5121
5051;5123
5052;5124
5053;5125
5054;5129
5055;5129
5056;5131
5057;5131
5058;5131
5059;5131
5060;5135
5061;5137
5062;5137
5063;5138
5064;5139
5065;5139
5066;5142
5067;5143
5068;5146
5069;5146
5070;5146
5071;5147
5072;5149
5073;5149
5074;5150
5075;5150
5076;5151
5077;5151
5078;5153
5079;5153
5080;5158
5081;5158
5082;5159
5083;5159
5084;5159
5085;5161
5086;5161
5087;5161
5088;5164
5089;5164
5090;5164
5091;5166
5092;5166
5093;5169
5094;5169
5095;5172
5096;5173
5097;5173
5098;5177
5099;5177
5100;5180
5101;5181
5102;5181
5103;5181
5104;5181
5105;5182
5106;5182
5107;5182
5108;5182
5109;5182
5110;5186
5111;5186
5112;5187
5113;5187
5114;5188
5115;5188
5116;5190
5117;5190
5118;5192
5119;5193
5120;5194
5121;5195
5122;5196
5123;5197
5124;5197
5125;5198
5126;5199
5127;5203
5128;5203
5129;5205
5130;5208
5131;5208
5132;5210
5133;5211
5134;5215
5135;5215
5136;5215
5137;5215
5138;5215
5139;5217
5140;5217
5141;5218
5142;5218
5143;5220
5144;5221
5145;5221
5146;5221
5147;5223
5148;5223
5149;5225
5150;5225
5151;5225
5152;5227
5153;5227
5154;5227
5155;5228
5156;5229
5157;5229
5158;5230
5159;5232
5160;5234
5161;5235
5162;5235
5163;5235
5164;5237
5165;5238
5166;5242
5167;5242
5168;5244
5169;5245
5170;5245
5171;5245
5172;5245
5173;5249
5174;5249
5175;5250
5176;5250
5177;5251
5178;5251
5179;5251
5180;5253
5181;5253
5182;5255
5183;5255
5184;5258
5185;5258
5186;5259
5187;5261
5188;5261
5189;5261
5190;5263
5191;5265
5192;5265
5193;5268
5194;5270
5195;5270
5196;5272
5197;5272
5198;5272
5199;5274
5200;5275
5201;5278
5202;5278
5203;5279
5204;5279
5205;5279
5206;5280
5207;5280
5208;5280
5209;5281
5210;5283
5211;5283
5212;5284
5213;5286
5214;5288
5215;5288
5216;5290
5217;5290
5218;5292
5219;5292
5220;5292
5221;5292
5222;5292
5223;5295
5224;5296
5225;5296
5226;5298
5227;5299
5228;5299
5229;5301
5230;5302
5231;5303
5232;5306
5233;5306
5234;5310
5235;5310
5236;5311
5237;5311
5238;5313
5239;5313
5240;5313
5241;5313
5242;5318
5243;5318
5244;5318
5245;5318
5246;5321
5247;5321
5248;5322
5249;5322
5250;5323
5251;5323
5252;5325
5253;5329
5254;5329
5255;5330
5256;5330
5257;5332
5258;5332
5259;5333
5260;5335
5261;5335
5262;5335
5263;5335
5264;5336
5265;5336
5266;5338
5267;5338
5268;5339
5269;5339
5270;5341
5271;5342
5272;5346
5273;5346
5274;5346
5275;5347
5276;5348
5277;5348
5278;5350
5279;5352
5280;5353
5281;5355
5282;5357
5283;5357
5284;5357
5285;5358
5286;5362
5287;5362
5288;5362
5289;5363
5290;5364
5291;5365
5292;5365
5293;5368
5294;5368
5295;5370
5296;5370
5297;5370
5298;5372
5299;5372
5300;5373
5301;5374
5302;5374
5303;5376
5304;5378
5305;5379
5306;5380
5307;5382
5308;5382
5309;5383
5310;5385
5311;5385
5312;5387
5313;5388
5314;5389
5315;5391
5316;5391
5317;5392
5318;5392
5319;5392
5320;5394
5321;5394
5322;5394
5323;5397
5324;5398
5325;5398
5326;5398
5327;5398
5328;5400
5329;5401
5330;5404
5331;5405
5332;5405
5333;5407
5334;5407
5335;5407
5336;5408
5337;5408
5338;5411
5339;5411
5340;5412
5341;5413
5342;5413
5343;5416
5344;5416
5345;5417
5346;5419
5347;5419
5348;5422
5349;5422
5350;5423
5351;5424
5352;5425
5353;5425
5354;5427
5355;5429
5356;5429
5357;5430
5358;5430
5359;5430
5360;5431
5361;5434
5362;5435
5363;5435
5364;5436
5365;5436
5366;5437
5367;5441
5368;5443
5369;5446
5370;5446
5371;5446
5372;5447
5373;5447
5374;5449
5375;5449
5376;5449
5377;5450
5378;5452
5379;5453
5380;5454
5381;5455
5382;5455
5383;5457
5384;5457
5385;5458
5386;5458
5387;5460
5388;5463
5389;5463
5390;5464
5391;5465
5392;5468
5393;5468
5394;5469
5395;5469
5396;5470
5397;5470
5398;5472
5399;5472
5400;5474
5401;5474
5402;5475
5403;5476
5404;5477
5405;5479
5406;5480
5407;5482
5408;5482
5409;5484
5410;5486
5411;5486
5412;5486
5413;5487
5414;5488
5415;5490
5416;5490
5417;5490
5418;5492
5419;5495
5420;5495
5421;5495
5422;5495
5423;5496
5424;5497
5425;5498
5426;5499
5427;5501
5428;5503
5429;5503
5430;5503
5431;5503
5432;5503
5433;5505
5434;5506
5435;5506
5436;5509
5437;5509
5438;5510
5439;5511
5440;5511
5441;5514
5442;5515
5443;5517
5444;5517
5445;5519
5446;5520
5447;5520
5448;5522
5449;5522
5450;5522
5451;5524
5452;5525
5453;5525
5454;5526
5455;5526
5456;5527
5457;5528
5458;5530
5459;5530
5460;5532
5461;5532
5462;5534
5463;5534
5464;5536
5465;5539
5466;5539
5467;5542
5468;5542
5469;5542
5470;5542
5471;5546
5472;5546
5473;5547
5474;5547
5475;5549
5476;5549
5477;5549
5478;5549
5479;5551
5480;5551
5481;5554
5482;5557
5483;5557
5484;5560
5485;5560
5486;5562
5487;5564
5488;5564
5489;5564
5490;5567
5491;5567
5492;5567
5493;5567
5494;5569
5495;5570
5496;5570
5497;5572
5498;5572
5499;5572
5500;5572
5501;5572
5502;5573
5503;5578
5504;5578
5505;5579
5506;5579
5507;5579
5508;5580
5509;5580
5510;5581
5511;5583
5512;5583
5513;5586
5514;5587
5515;5587
5516;5590
5517;5590
5518;5590
5519;5592
5520;5595
5521;5595
5522;5596
5523;5596
5524;5599
5525;5599
5526;5600
5527;5603
5528;5603
5529;5604
5530;5604
5531;5604
5532;5606
5533;5607
5534;5608
5535;5609
5536;5609
5537;5609
5538;5610
5539;5610
5540;5611
5541;5612
5542;5614
5543;5614
5544;5615
5545;5617
5546;5618
5547;5621
5548;5622
5549;5623
5550;5623
5551;5626
5552;5626
5553;5627
5554;5627
5555;5627
5556;5628
5557;5631
5558;5631
5559;5634
5560;5634
5561;5634
5562;5639
5563;5639
5564;5640
5565;5640
5566;5643
5567;5643
5568;5646
5569;5646
5570;5648
5571;5649
5572;5649
5573;5649
5574;5649
5575;5649
5576;5649
5577;5650
5578;5650
5579;5650
5580;5655
5581;5655
5582;5656
5583;5656
5584;5658
5585;5659
5586;5660
5587;5660
5588;5660
5589;5661
5590;5663
5591;5664
5592;5665
5593;5667
5594;5667
5595;5669
5596;5669
5597;5670
5598;5670
5599;5672
5600;5672
5601;5674
5602;5676
5603;5677
5604;5678
5605;5683
5606;5683
5607;5683
5608;5683
5609;5685
5610;5686
5611;5687
5612;5690
5613;5692
5614;5692
5615;5692
5616;5694
5617;5695
5618;5696
5619;5696
5620;5697
5621;5699
5622;5699
5623;5699
5624;5700
5625;5704
5626;5704
5627;5705
5628;5705
5629;5705
5630;5706
5631;5706
5632;5708
5633;5708
5634;5708
5635;5710
5636;5711
5637;5713
5638;5713
5639;5713
5640;5714
5641;5714
5642;5715
5643;5717
5644;5717
5645;5719
5646;5721
5647;5721
5648;5722
5649;5722
5650;5724
5651;5724
5652;5724
5653;5729
5654;5729
5655;5729
5656;5729
5657;5731
5658;5732
5659;5732
5660;5733
5661;5735
5662;5736
5663;5737
5664;5737
5665;5738
5666;5739
5667;5740
5668;5741
5669;5741
5670;5742
5671;5744
5672;5744
5673;5746
5674;5747
5675;5747
5676;5748
5677;5749
5678;5750
5679;5750
5680;5751
5681;5753
5682;5753
5683;5755
5684;5755
5685;5756
5686;5757
5687;5758
5688;5760
5689;5761
5690;5761
5691;5762
5692;5762
5693;5764
5694;5764
5695;5766
5696;5768
5697;5768
5698;5770
5699;5773
5700;5773
5701;5775
5702;5775
5703;5777
5704;5777
5705;5777
5706;5778
5707;5779
5708;5781
5709;5781
5710;5785
5711;5785
5712;5785
5713;5785
5714;5788
5715;5790
5716;5790
5717;5790
5718;5792
5719;5792
5720;5794
5721;5794
5722;5795
5723;5795
5724;5797
5725;5797
5726;5800
5727;5800
5728;5800
5729;5802
5730;5805
5731;5805
5732;5807
5733;5807
5734;5809
5735;5811
5736;5811
5737;5811
5738;5811
5739;5812
5740;5812
5741;5814
5742;5814
5743;5817
5744;5820
5745;5820
5746;5820
5747;5824
5748;5824
5749;5825
5750;5825
5751;5825
5752;5827
5753;5827
5754;5828
5755;5831
5756;5834
5757;5834
5758;5834
5759;5837
5760;5837
5761;5837
5762;5840
5763;5840
5764;5841
5765;5841
5766;5841
5767;5843
5768;5843
5769;5847
5770;5847
5771;5849
5772;5849
5773;5850
5774;5852
5775;5852
5776;5852
5777;5853
5778;5853
5779;5855
5780;5855
5781;5857
5782;5857
5783;5857
5784;5859
5785;5859
5786;5861
5787;5861
5788;5864
5789;5865
5790;5865
5791;5867
5792;5867
5793;5870
5794;5870
5795;5870
5796;5872
5797;5872
5798;5872
5799;5872
5800;5874
5801;5874
5802;5875
5803;5878
5804;5878
5805;5878
5806;5878
5807;5880
5808;5881
5809;5881
5810;5883
5811;5883
5812;5888
5813;5888
5814;5888
5815;5888
5816;5889
5817;5892
5818;5892
5819;5894
5820;5897
5821;5897
5822;5897
5823;5897
5824;5897
5825;5898
5826;5898
5827;5900
5828;5900
5829;5903
5830;5905
5831;5905
5832;5907
5833;5907
5834;5907
5835;5909
5836;5913
5837;5913
5838;5914
5839;5914
5840;5914
5841;5915
5842;5915
5843;5915
5844;5917
5845;5919
5846;5921
5847;5921
5848;5921
5849;5921
5850;5923
5851;5924
5852;5926
5853;5926
5854;5928
5855;5930
5856;5931
5857;5931
5858;5931
5859;5936
5860;5936
5861;5938
5862;5938
5863;5938
5864;5938
5865;5940
5866;5941
5867;5941
5868;5941
5869;5942
5870;5944
5871;5947
5872;5947
5873;5948
5874;5949
5875;5951
5876;5951
5877;5953
5878;5953
5879;5953
5880;5953
5881;5956
5882;5956
5883;5956
5884;5958
5885;5958
5886;5959
5887;5959
5888;5959
5889;5961
5890;5962
5891;5963
5892;5964
5893;5966
5894;5967
5895;5967
5896;5969
5897;5969
5898;5969
5899;5971
5900;5971
5901;5974
5902;5974
5903;5976
5904;5979
5905;5980
5906;5980
5907;5981
5908;5981
5909;5982
5910;5983
5911;5983
5912;5985
5913;5987
5914;5987
5915;5987
5916;5989
5917;5990
5918;5990
5919;5992
5920;5992
5921;5992
5922;5995
5923;5995
5924;5997
5925;5997
5926;5999
5927;5999
5928;5999
5929;6001
5930;6003
5931;6003
5932;6005
5933;6005
5934;6005
5935;6005
5936;6008
5937;6008
5938;6010
5939;6011
5940;6011
5941;6012
5942;6014
5943;6014
5944;6015
5945;6015
5946;6015
5947;6018
5948;6019
5949;6021
5950;6021
5951;6024
5952;6024
5953;6025
5954;6026
5955;6026
5956;6028
5957;6031
5958;6031
5959;6031
5960;6036
5961;6036
5962;6038
5963;6038
5964;6038
5965;6039
5966;6039
5967;6040
5968;6040
5969;6043
5970;6043
5971;6043
5972;6044
5973;6046
5974;6048
5975;6048
5976;6049
5977;6049
5978;6052
5979;6052
5980;6052
5981;6053
5982;6055
5983;6057
5984;6057
5985;6059
5986;6060
5987;6061
5988;6061
5989;6064
5990;6066
5991;6066
5992;6066
5993;6068
5994;6069
5995;6070
5996;6070
5997;6072
5998;6072
5999;6074
6000;6074
6001;6077
6002;6077
6003;6080
6004;6082
6005;6082
6006;6082
6007;6083
6008;6083
6009;6084
6010;6086
6011;6086
6012;6088
6013;6088
6014;6088
6015;6089
6016;6090
6017;6092
6018;6093
6019;6094
6020;6095
6021;6098
6022;6098
6023;6098
6024;6099
6025;6099
6026;6099
6027;6100
6028;6102
6029;6103
6030;6105
6031;6105
6032;6106
6033;6106
6034;6107
6035;6108
6036;6108
6037;6109
6038;6111
6039;6111
6040;6112
6041;6112
6042;6114
6043;6114
6044;6115
6045;6116
6046;6116
6047;6118
6048;6118
6049;6120
6050;6120
6051;6122
6052;6124
6053;6125
6054;6125
6055;6125
6056;6126
6057;6127
6058;6128
6059;6130
6060;6130
6061;6132
6062;6132
6063;6133
6064;6135
6065;6137
6066;6137
6067;6139
6068;6139
6069;6140
6070;6140
6071;6140
6072;6144
6073;6144
6074;6145
6075;6145
6076;6147
6077;6147
6078;6153
6079;6153
6080;6153
6081;6155
6082;6157
6083;6157
6084;6157
6085;6158
6086;6158
6087;6160
6088;6161
6089;6162
6090;6164
6091;6164
6092;6166
6093;6166
6094;6169
6095;6169
6096;6172
6097;6173
6098;6173
6099;6173
6100;6173
6101;6174
6102;6174
6103;6175
6104;6177
6105;6178
6106;6178
6107;6181
6108;6182
6109;6184
6110;6184
6111;6184
6112;6185
6113;6185
6114;6188
6115;6190
6116;6190
6117;6192
6118;6192
6119;6194
6120;6194
6121;6194
6122;6195
6123;6196
6124;6196
6125;6198
6126;6198
6127;6198
6128;6199
6129;6201
6130;6202
6131;6204
6132;6204
6133;6205
6134;6207
6135;6209
6136;6209
6137;6209
6138;6209
6139;6210
6140;6211
6141;6213
6142;6213
6143;6214
6144;6215
6145;6216
6146;6217
6147;6217
6148;6219
6149;6221
6150;6221
6151;6223
6152;6223
6153;6223
6154;6224
6155;6226
6156;6226
6157;6229
6158;6229
6159;6232
6160;6232
6161;6234
6162;6236
6163;6236
6164;6237
6165;6238
6166;6238
6167;6241
6168;6242
6169;6242
6170;6244
6171;6245
6172;6245
6173;6247
6174;6248
6175;6248
6176;6249
6177;6249
6178;6249
6179;6253
6180;6253
6181;6255
6182;6256
6183;6256
6184;6260
6185;6260
6186;6260
6187;6262
6188;6263
6189;6263
6190;6263
6191;6265
6192;6265
6193;6267
6194;6267
6195;6268
6196;6269
6197;6269
6198;6272
6199;6273
6200;6273
6201;6273
6202;6275
6203;6276
6204;6277
6205;6279
6206;6279
6207;6281
6208;6281
6209;6282
6210;6282
6211;6285
6212;6285
6213;6285
6214;6288
6215;6288
6216;6289
6217;6289
6218;6289
6219;6291
6220;6292
6221;6292
6222;6294
6223;6294
6224;6297
6225;6297
6226;6299
6227;6300
6228;6300
6229;6300
6230;6303
6231;6303
6232;6305
6233;6306
6234;6308
6235;6308
6236;6310
6237;6310
6238;6312
6239;6312
6240;6314
6241;6314
6242;6316
6243;6316
6244;6318
6245;6318
6246;6322
6247;6323
6248;6324
6249;6325
6250;6327
6251;6328
6252;6330
6253;6330
6254;6332
6255;6333
6256;6333
6257;6335
6258;6335
6259;6336
6260;6336
6261;6338
6262;6338
6263;6338
6264;6338
6265;6340
6266;6341
6267;6341
6268;6341
6269;6344
6270;6344
6271;6345
6272;6345
6273;6347
6274;6347
6275;6348
6276;6350
6277;6352
6278;6352
6279;6354
6280;6354
6281;6355
6282;6355
6283;6355
6284;6359
6285;6360
6286;6360
6287;6363
6288;6364
6289;6364
6290;6364
6291;6366
6292;6366
6293;6369
6294;6371
6295;6371
6296;6371
6297;6371
6298;6371
6299;6373
6300;6373
6301;6373
6302;6375
6303;6376
6304;6377
6305;6380
6306;6380
6307;6380
6308;6384
6309;6384
6310;6386
6311;6387
6312;6388
6313;6388
6314;6388
6315;6388
6316;6389
6317;6391
6318;6391
6319;6392
6320;6395
6321;6395
6322;6396
6323;6396
6324;6396
6325;6398
6326;6400
6327;6400
6328;6401
6329;6401
6330;6402
6331;6404
6332;6404
6333;6406
6334;6406
6335;6407
6336;6412
6337;6412
6338;6415
6339;6418
6340;6419
6341;6419
6342;6419
6343;6419
6344;6419
6345;6420
6346;6420
6347;6420
6348;6422
6349;6424
6350;6424
6351;6424
6352;6425
6353;6426
6354;6428
6355;6428
6356;6429
6357;6430
6358;6430
6359;6434
6360;6434
6361;6435
6362;6435
6363;6435
6364;6436
6365;6440
6366;6440
6367;6440
6368;6441
6369;6441
6370;6442
6371;6443
6372;6443
6373;6443
6374;6446
6375;6448
6376;6448
6377;6449
6378;6449
6379;6450
6380;6454
6381;6454
6382;6454
6383;6457
6384;6458
6385;6458
6386;6458
6387;6460
6388;6462
6389;6464
6390;6464
6391;6465
6392;6465
6393;6466
6394;6467
6395;6467
6396;6468
6397;6470
6398;6471
6399;6474
6400;6475
6401;6475
6402;6476
6403;6477
6404;6478
6405;6478
6406;6478
6407;6482
6408;6482
6409;6482
6410;6484
6411;6484
6412;6488
6413;6488
6414;6488
6415;6490
6416;6490
6417;6490
6418;6490
6419;6493
6420;6493
6421;6494
6422;6494
6423;6496
6424;6497
6425;6497
6426;6498
6427;6499
6428;6500
6429;6501
6430;6503
6431;6504
6432;6505
6433;6505
6434;6506
6435;6507
6436;6507
6437;6508
6438;6510
6439;6511
6440;6512
6441;6512
6442;6513
6443;6515
6444;6518
6445;6518
6446;6519
6447;6519
6448;6520
6449;6520
6450;6524
6451;6524
6452;6525
6453;6527
6454;6527
6455;6529
6456;6529
6457;6529
6458;6529
6459;6531
6460;6531
6461;6533
6462;6534
6463;6534
6464;6537
6465;6537
6466;6538
6467;6538
6468;6540
6469;6540
6470;6540
6471;6541
6472;6543
6473;6545
6474;6548
6475;6551
6476;6551
6477;6552
6478;6554
6479;6554
6480;6554
6481;6554
6482;6554
6483;6555
6484;6556
6485;6556
6486;6557
6487;6558
6488;6560
6489;6560
6490;6564
6491;6564
6492;6564
6493;6566
6494;6566
6495;6568
6496;6568
6497;6571
6498;6571
6499;6571
6500;6573
6501;6573
6502;6575
6503;6575
6504;6575
6505;6577
6506;6579
6507;6579
6508;6580
6509;6583
6510;6583
6511;6584
6512;6584
6513;6586
6514;6588
6515;6588
6516;6588
6517;6590
6518;6593
6519;6593
6520;6593
6521;6596
6522;6596
6523;6598
6524;6598
6525;6598
6526;6598
6527;6598
6528;6601
6529;6602
6530;6603
6531;6603
6532;6604
6533;6606
6534;6611
6535;6611
6536;6611
6537;6611
6538;6614
6539;6614
6540;6614
6541;6614
6542;6616
6543;6618
6544;6619
6545;6620
6546;6620
6547;6620
6548;6622
6549;6622
6550;6622
6551;6624
6552;6626
6553;6627
6554;6630
6555;6630
6556;6630
6557;6630
6558;6632
6559;6632
6560;6633
6561;6634
6562;6634
6563;6635
6564;6637
6565;6637
6566;6637
6567;6640
6568;6642
6569;6643
6570;6643
6571;6644
6572;6647
6573;6647
6574;6648
6575;6650
6576;6657
6577;6657
6578;6657
6579;6657
6580;6659
6581;6659
6582;6659
6583;6659
6584;6660
6585;6660
6586;6660
6587;6661
6588;6663
6589;6663
6590;6665
6591;6665
6592;6667
6593;6670
6594;6670
6595;6670
6596;6670
6597;6673
6598;6673
6599;6673
6600;6675
6601;6675
6602;6676
6603;6676
6604;6677
6605;6677
6606;6678
6607;6680
6608;6680
6609;6681
6610;6681
6611;6683
6612;6684
6613;6684
6614;6687
6615;6687
6616;6687
6617;6689
6618;6691
6619;6691
6620;6692
6621;6693
6622;6693
6623;6695
6624;6696
6625;6696
6626;6699
6627;6699
6628;6699
6629;6700
6630;6700
6631;6701
6632;6701
6633;6706
6634;6706
6635;6707
6636;6707
6637;6710
6638;6712
6639;6712
6640;6712
6641;6714
6642;6714
6643;6715
6644;6715
6645;6715
6646;6716
6647;6717
6648;6720
6649;6721
6650;6724
6651;6726
6652;6726
6653;6728
6654;6728
6655;6729
6656;6729
6657;6731
6658;6731
6659;6731
6660;6735
6661;6735
6662;6736
6663;6737
6664;6737
6665;6737
6666;6739
6667;6739
6668;6740
6669;6740
6670;6742
6671;6742
6672;6744
6673;6745
6674;6745
6675;6746
6676;6747
6677;6751
6678;6751
6679;6751
6680;6751
6681;6751
6682;6754
6683;6755
6684;6758
6685;6758
6686;6760
6687;6760
6688;6761
6689;6762
6690;6764
6691;6764
6692;6764
6693;6765
6694;6767
6695;6770
6696;6770
6697;6771
6698;6771
6699;6772
6700;6774
6701;6776
6702;6776
6703;6777
6704;6777
6705;6779
6706;6779
6707;6785
6708;6785
6709;6785
6710;6787
6711;6787
6712;6789
6713;6791
6714;6791
6715;6792
6716;6792
6717;6792
6718;6792
6719;6792
6720;6795
6721;6795
6722;6796
6723;6796
6724;6800
6725;6800
6726;6800
6727;6802
6728;6802
6729;6802
6730;6803
6731;6804
6732;6804
6733;6807
6734;6807
6735;6808
6736;6809
6737;6810
6738;6810
6739;6814
6740;6816
6741;6817
6742;6817
6743;6817
6744;6820
6745;6820
6746;6820
6747;6826
6748;6826
6749;6826
6750;6828
6751;6830
6752;6837
6753;6837
6754;6837
6755;6837
6756;6838
6757;6838
6758;6839
6759;6839
6760;6840
6761;6840
6762;6842
6763;6842
6764;6844
6765;6844
6766;6845
6767;6845
6768;6845
6769;6845
6770;6848
6771;6848
6772;6848
6773;6850
6774;6853
6775;6853
6776;6853
6777;6856
6778;6856
6779;6856
6780;6857
6781;6857
6782;6857
6783;6857
6784;6857
6785;6859
6786;6859
6787;6861
6788;6863
6789;6865
6790;6865
6791;6866
6792;6866
6793;6870
6794;6870
6795;6872
6796;6872
6797;6872
6798;6874
6799;6876
6800;6878
6801;6878
6802;6878
6803;6880
6804;6881
6805;6881
6806;6881
6807;6883
6808;6883
6809;6884
6810;6886
6811;6886
6812;6888
6813;6889
6814;6889
6815;6890
6816;6890
6817;6890
6818;6893
6819;6893
6820;6896
6821;6896
6822;6898
6823;6898
6824;6899
6825;6899
6826;6903
6827;6904
6828;6904
6829;6905
6830;6905
6831;6909
6832;6909
6833;6910
6834;6910
6835;6910
6836;6910
6837;6912
6838;6913
6839;6913
6840;6913
6841;6915
6842;6917
6843;6917
6844;6917
6845;6917
6846;6920
6847;6920
6848;6920
6849;6920
6850;6924
6851;6924
6852;6927
6853;6929
6854;6929
6855;6931
6856;6931
6857;6932
6858;6934
6859;6934
6860;6934
6861;6937
6862;6937
6863;6937
6864;6938
6865;6940
6866;6940
6867;6943
6868;6943
6869;6943
6870;6943
6871;6943
6872;6944
6873;6944
6874;6945
6875;6946
6876;6949
6877;6949
6878;6950
6879;6951
6880;6952
6881;6954
6882;6954
6883;6955
6884;6956
6885;6956
6886;6957
6887;6957
6888;6957
6889;6958
6890;6960
6891;6962
6892;6963
6893;6963
6894;6965
6895;6967
6896;6968
6897;6968
6898;6969
6899;6971
6900;6972
6901;6972
6902;6974
6903;6975
6904;6978
6905;6979
6906;6980
6907;6980
6908;6980
6909;6980
6910;6981
6911;6982
6912;6984
6913;6984
6914;6986
6915;6988
6916;6989
6917;6989
6918;6990
6919;6994
6920;6994
6921;6994
6922;6995
6923;6995
6924;6997
6925;7001
6926;7001
6927;7001
6928;7001
6929;7002
6930;7002
6931;7002
6932;7002
6933;7007
6934;7007
6935;7008
6936;7011
6937;7011
6938;7013
6939;7013
6940;7013
6941;7015
6942;7015
6943;7017
6944;7020
6945;7022
6946;7022
6947;7022
6948;7023
6949;7024
6950;7026
6951;7026
6952;7026
6953;7027
6954;7028
6955;7028
6956;7028
6957;7028
6958;7030
6959;7030
6960;7032
6961;7033
6962;7033
6963;7035
6964;7039
6965;7039
6966;7039
6967;7039
6968;7040
6969;7040
6970;7042
6971;7042
6972;7042
6973;7045
6974;7045
6975;7046
6976;7048
6977;7049
6978;7050
6979;7052
6980;7052
6981;7054
6982;7055
6983;7055
6984;7055
6985;7056
6986;7057
6987;7058
6988;7060
6989;7062
6990;7062
6991;7062
6992;7063
6993;7063
6994;7065
6995;7065
6996;7068
6997;7070
6998;7071
6999;7072
7000;7072
7001;7075
7002;7075
7003;7077
7004;7080
7005;7080
7006;7081
7007;7081
7008;7083
7009;7085
7010;7085
7011;7085
7012;7087
7013;7089
7014;7089
7015;7089
7016;7092
7017;7092
7018;7092
7019;7093
7020;7093
7021;7094
7022;7094
7023;7094
7024;7099
7025;7099
7026;7099
7027;7100
7028;7100
7029;7102
7030;7103
7031;7104
7032;7105
7033;7106
7034;7107
7035;7107
7036;7107
7037;7109
7038;7109
7039;7111
7040;7114
7041;7114
7042;7117
7043;7117
7044;7118
7045;7118
7046;7118
7047;7119
7048;7120
7049;7121
7050;7121
7051;7122
7052;7123
7053;7124
7054;7125
7055;7125
7056;7127
7057;7129
7058;7129
7059;7131
7060;7133
7061;7135
7062;7135
7063;7135
7064;7135
7065;7137
7066;7140
7067;7140
7068;7140
7069;7140
7070;7140
7071;7142
7072;7145
7073;7145
7074;7149
7075;7151
7076;7151
7077;7155
7078;7155
7079;7155
7080;7155
7081;7158
7082;7158
7083;7158
7084;7159
7085;7159
7086;7161
7087;7162
7088;7162
7089;7163
7090;7164
7091;7167
7092;7169
7093;7169
7094;7172
7095;7172
7096;7172
7097;7172
7098;7172
7099;7177
7100;7177
7101;7177
7102;7178
7103;7180
7104;7180
7105;7180
7106;7181
7107;7181
7108;7182
7109;7185
7110;7185
7111;7185
7112;7187
7113;7188
7114;7188
7115;7189
7116;7189
7117;7190
7118;7190
7119;7194
7120;7194
7121;7194
7122;7194
7123;7196
7124;7197
7125;7198
7126;7200
7127;7201
7128;7201
7129;7202
7130;7203
7131;7204
7132;7204
7133;7207
7134;7207
7135;7208
7136;7209
7137;7210
7138;7211
7139;7211
7140;7212
7141;7212
7142;7215
7143;7215
7144;7217
7145;7217
7146;7217
7147;7219
7148;7220
7149;7220
7150;7222
7151;7222
7152;7224
7153;7224
7154;7226
7155;7228
7156;7229
7157;7229
7158;7231
7159;7231
7160;7234
7161;7234
7162;7234
7163;7235
7164;7235
7165;7236
7166;7238
7167;7238
7168;7238
7169;7239
7170;7241
7171;7241
7172;7242
7173;7242
7174;7243
7175;7244
7176;7244
7177;7249
7178;7249
7179;7249
7180;7250
7181;7253
7182;7254
7183;7254
7184;7254
7185;7255
7186;7257
7187;7260
7188;7264
7189;7265
7190;7265
7191;7265
7192;7267
7193;7267
7194;7267
7195;7268
7196;7268
7197;7268
7198;7271
7199;7271
7200;7271
7201;7271
7202;7274
7203;7274
7204;7274
7205;7277
7206;7277
7207;7280
7208;7281
7209;7281
7210;7282
7211;7282
7212;7282
7213;7284
7214;7287
7215;7287
7216;7288
7217;7289
7218;7289
7219;7292
7220;7293
7221;7293
7222;7293
7223;7294
7224;7294
7225;7294
7226;7297
7227;7299
7228;7302
7229;7302
7230;7304
7231;7304
7232;7306
7233;7306
7234;7306
7235;7306
7236;7307
7237;7308
7238;7308
7239;7310
7240;7311
7241;7311
7242;7313
7243;7316
7244;7318
7245;7318
7246;7320
7247;7320
7248;7320
7249;7321
7250;7322
7251;7326
7252;7326
7253;7327
7254;7329
7255;7330
7256;7330
7257;7331
7258;7331
7259;7333
7260;7334
7261;7334
7262;7336
7263;7336
7264;7338
7265;7338
7266;7342
7267;7344
7268;7344
7269;7344
7270;7345
7271;7345
7272;7346
7273;7347
7274;7349
7275;7349
7276;7349
7277;7350
7278;7351
7279;7351
7280;7353
7281;7355
7282;7355
7283;7355
7284;7358
7285;7358
7286;7359
7287;7362
7288;7363
7289;7363
7290;7363
7291;7365
7292;7365
7293;7367
7294;7367
7295;7368
7296;7368
7297;7369
7298;7372
7299;7372
7300;7374
7301;7374
7302;7379
7303;7382
7304;7382
7305;7383
7306;7383
7307;7383
7308;7383
7309;7384
7310;7391
7311;7391
7312;7391
7313;7391
7314;7391
7315;7392
7316;7392
7317;7394
7318;7394
7319;7395
7320;7397
7321;7398
7322;7398
7323;7398
7324;7398
7325;7405
7326;7405
7327;7407
7328;7407
7329;7409
7330;7409
7331;7409
7332;7409
7333;7411
7334;7411
7335;7414
7336;7414
7337;7415
7338;7417
7339;7417
7340;7420
7341;7420
7342;7420
7343;7420
7344;7421
7345;7421
7346;7424
7347;7424
7348;7426
7349;7426
7350;7426
7351;7426
7352;7427
7353;7427
7354;7429
7355;7432
7356;7432
7357;7433
7358;7433
7359;7433
7360;7433
7361;7435
7362;7435
7363;7436
7364;7440
7365;7440
7366;7440
7367;7440
7368;7441
7369;7442
7370;7442
7371;7444
7372;7444
7373;7447
7374;7447
7375;7447
7376;7449
7377;7450
7378;7450
7379;7455
7380;7455
7381;7458
7382;7458
7383;7461
7384;7461
7385;7463
7386;7463
7387;7464
7388;7464
7389;7466
7390;7468
7391;7468
7392;7468
7393;7468
7394;7468
7395;7468
7396;7470
7397;7472
7398;7476
7399;7476
7400;7477
7401;7477
7402;7477
7403;7477
7404;7478
7405;7478
7406;7483
7407;7483
7408;7484
7409;7484
7410;7484
7411;7484
7412;7485
7413;7485
7414;7486
7415;7488
7416;7491
7417;7491
7418;7492
7419;7493
7420;7493
7421;7495
7422;7495
7423;7496
7424;7496
7425;7498
7426;7501
7427;7501
7428;7504
7429;7504
7430;7504
7431;7506
7432;7506
7433;7509
7434;7509
7435;7509
7436;7509
7437;7512
7438;7512
7439;7512
7440;7513
7441;7516
7442;7516
7443;7518
7444;7518
7445;7519
7446;7520
7447;7521
7448;7521
7449;7523
7450;7524
7451;7524
7452;7525
7453;7525
7454;7527
7455;7527
7456;7528
7457;7530
7458;7530
7459;7530
7460;7530
7461;7531
7462;7533
7463;7534
7464;7535
7465;7535
7466;7537
7467;7537
7468;7538
7469;7540
7470;7540
7471;7540
7472;7542
7473;7544
7474;7544
7475;7546
7476;7546
7477;7546
7478;7548
7479;7549
7480;7550
7481;7551
7482;7554
7483;7554
7484;7555
7485;7555
7486;7557
7487;7559
7488;7559
7489;7560
7490;7562
7491;7562
7492;7563
7493;7564
7494;7565
7495;7565
7496;7570
7497;7570
7498;7571
7499;7572
7500;7574
7501;7576
7502;7576
7503;7576
7504;7578
7505;7578
7506;7578
7507;7580
7508;7581
7509;7581
7510;7582
7511;7584
7512;7584
7513;7584
7514;7584
7515;7586
7516;7589
7517;7590
7518;7590
7519;7591
7520;7592
7521;7593
7522;7594
7523;7594
7524;7598
7525;7598
7526;7598
7527;7599
7528;7599
7529;7600
7530;7602
7531;7602
7532;7603
7533;7608
7534;7609
7535;7609
7536;7611
7537;7613
7538;7613
7539;7615
7540;7615
7541;7618
7542;7618
7543;7619
7544;7619
7545;7619
7546;7620
7547;7620
7548;7624
7549;7624
7550;7625
7551;7625
7552;7627
7553;7628
7554;7628
7555;7629
7556;7630
7557;7631
7558;7631
7559;7632
7560;7633
7561;7634
7562;7637
7563;7639
7564;7642
7565;7643
7566;7643
7567;7643
7568;7646
7569;7646
7570;7646
7571;7647
7572;7647
7573;7647
7574;7647
7575;7649
7576;7651
7577;7654
7578;7654
7579;7655
7580;7655
7581;7656
7582;7656
7583;7657
7584;7657
7585;7659
7586;7659
7587;7659
7588;7661
7589;7663
7590;7665
7591;7665
7592;7666
7593;7669
7594;7670
7595;7670
7596;7670
7597;7670
7598;7672
7599;7674
7600;7677
7601;7677
7602;7680
7603;7680
7604;7682
7605;7682
7606;7683
7607;7683
7608;7684
7609;7684
7610;7687
7611;7687
7612;7687
7613;7689
7614;7689
7615;7690
7616;7692
7617;7694
7618;7694
7619;7695
7620;7695
7621;7696
7622;7696
7623;7697
7624;7698
7625;7698
7626;7699
7627;7699
7628;7704
7629;7704
7630;7705
7631;7705
7632;7708
7633;7708
7634;7708
7635;7709
7636;7711
7637;7711
7638;7711
7639;7714
7640;7714
7641;7715
7642;7715
7643;7716
7644;7719
7645;7719
7646;7720
7647;7720
7648;7722
7649;7722
7650;7722
7651;7726
7652;7726
7653;7727
7654;7729
7655;7729
7656;7729
7657;7729
7658;7731
7659;7735
7660;7735
7661;7735
7662;7736
7663;7736
7664;7738
7665;7738
7666;7738
7667;7741
7668;7741
7669;7743
7670;7743
7671;7743
7672;7744
7673;7745
7674;7746
7675;7749
7676;7750
7677;7750
7678;7751
7679;7754
7680;7754
7681;7755
7682;7755
7683;7758
7684;7758
7685;7758
7686;7760
7687;7761
7688;7765
7689;7765
7690;7765
7691;7765
7692;7766
7693;7766
7694;7770
7695;7770
7696;7771
7697;7772
7698;7773
7699;7773
7700;7774
7701;7774
7702;7774
7703;7774
7704;7777
7705;7777
7706;7778
7707;7778
7708;7780
7709;7782
7710;7783
7711;7783
7712;7786
7713;7786
7714;7788
7715;7789
7716;7789
7717;7791
7718;7792
7719;7793
7720;7795
7721;7795
7722;7795
7723;7795
7724;7798
7725;7798
7726;7799
7727;7799
7728;7801
7729;7801
7730;7802
7731;7803
7732;7803
7733;7805
7734;7806
7735;7806
7736;7808
7737;7809
7738;7809
7739;7809
7740;7812
7741;7814
7742;7814
7743;7815
7744;7817
7745;7819
7746;7819
7747;7822
7748;7822
7749;7822
7750;7822
7751;7824
7752;7824
7753;7824
7754;7824
7755;7826
7756;7827
7757;7829
7758;7829
7759;7830
7760;7834
7761;7834
7762;7835
7763;7836
7764;7836
7765;7837
7766;7839
7767;7839
7768;7841
7769;7841
7770;7841
7771;7843
7772;7845
7773;7846
7774;7846
7775;7847
7776;7847
7777;7852
7778;7852
7779;7854
7780;7854
7781;7855
7782;7855
7783;7856
7784;7857
7785;7857
7786;7860
7787;7862
7788;7862
7789;7862
7790;7862
7791;7863
7792;7863
7793;7865
7794;7865
7795;7868
7796;7868
7797;7870
7798;7870
7799;7871
7800;7875
7801;7878
7802;7878
7803;7878
7804;7878
7805;7882
7806;7882
7807;7884
7808;7885
7809;7885
7810;7888
7811;7888
7812;7889
7813;7889
7814;7890
7815;7890
7816;7892
7817;7892
7818;7895
7819;7895
7820;7895
7821;7899
7822;7899
7823;7900
7824;7900
7825;7900
7826;7901
7827;7901
7828;7905
7829;7905
7830;7905
7831;7906
7832;7907
7833;7907
7834;7909
7835;7909
7836;7910
7837;7912
7838;7912
7839;7912
7840;7913
7841;7913
7842;7916
7843;7917
7844;7917
7845;7920
7846;7920
7847;7920
7848;7922
7849;7924
7850;7924
7851;7924
7852;7925
7853;7927
7854;7930
7855;7931
7856;7931
7857;7933
7858;7933
7859;7933
7860;7933
7861;7934
7862;7934
7863;7935
7864;7937
7865;7937
7866;7938
7867;7939
7868;7940
7869;7940
7870;7942
7871;7942
7872;7943
7873;7947
7874;7947
7875;7948
7876;7948
7877;7949
7878;7949
7879;7951
7880;7952
7881;7954
7882;7956
7883;7956
7884;7956
7885;7957
7886;7958
7887;7963
7888;7963
7889;7963
7890;7963
7891;7964
7892;7964
7893;7965
7894;7967
7895;7967
7896;7967
7897;7970
7898;7972
7899;7973
7900;7973
7901;7975
7902;7975
7903;7975
7904;7977
7905;7978
7906;7978
7907;7980
7908;7980
7909;7983
7910;7984
7911;7984
7912;7986
7913;7987
7914;7989
7915;7989
7916;7994
7917;7994
7918;7994
7919;7994
7920;7995
7921;7998
7922;7998
7923;7998
7924;7998
7925;8001
7926;8001
7927;8001
7928;8002
7929;8005
7930;8005
7931;8008
7932;8008
7933;8010
7934;8011
7935;8011
7936;8011
7937;8011
7938;8013
7939;8014
7940;8014
7941;8016
7942;8019
7943;8019
7944;8019
7945;8019
7946;8020
7947;8023
7948;8023
7949;8024
7950;8025
7951;8026
7952;8026
7953;8026
7954;8028
7955;8028
7956;8029
7957;8031
7958;8031
7959;8032
7960;8033
7961;8035
7962;8035
7963;8037
7964;8039
7965;8039
7966;8041
7967;8042
7968;8042
7969;8042
7970;8043
7971;8044
7972;8044
7973;8046
7974;8046
7975;8047
7976;8048
7977;8049
7978;8052
7979;8052
7980;8053
7981;8053
7982;8054
7983;8054
7984;8055
7985;8058
7986;8058
7987;8060
7988;8060
7989;8061
7990;8064
7991;8064
7992;8068
7993;8068
7994;8068
7995;8068
7996;8071
7997;8071
7998;8073
7999;8073
8000;8073
8001;8075
8002;8076
8003;8076
8004;8076
8005;8077
8006;8079
8007;8079
8008;8081
8009;8081
8010;8082
8011;8082
8012;8084
8013;8085
8014;8088
8015;8088
8016;8089
8017;8089
8018;8089
8019;8093
8020;8093
8021;8096
8022;8097
8023;8098
8024;8100
8025;8100
8026;8102
8027;8102
8028;8105
8029;8105
8030;8105
8031;8105
8032;8106
8033;8107
8034;8108
8035;8109
8036;8109
8037;8110
8038;8110
8039;8111
8040;8114
8041;8114
8042;8115
8043;8115
8044;8117
8045;8117
8046;8119
8047;8120
8048;8120
8049;8121
8050;8123
8051;8126
8052;8127
8053;8130
8054;8130
8055;8130
8056;8130
8057;8132
8058;8132
8059;8132
8060;8133
8061;8133
8062;8136
8063;8136
8064;8137
8065;8140
8066;8141
8067;8143
8068;8143
8069;8144
8070;8145
8071;8145
8072;8145
8073;8145
8074;8147
8075;8147
8076;8147
8077;8149
8078;8150
8079;8152
8080;8152
8081;8152
8082;8153
8083;8153
8084;8155
8085;8156
8086;8156
8087;8160
8088;8160
8089;8161
8090;8162
8091;8163
8092;8165
8093;8167
8094;8167
8095;8167
8096;8168
8097;8168
8098;8171
8099;8171
8100;8171
8101;8172
8102;8173
8103;8175
8104;8175
8105;8176
8106;8177
8107;8181
8108;8181
8109;8181
8110;8183
8111;8183
8112;8184
8113;8185
8114;8185
8115;8188
8116;8191
8117;8191
8118;8191
8119;8191
8120;8191
8121;8192
8122;8192
8123;8193
8124;8195
8125;8196
8126;8198
8127;8199
8128;8202
8129;8202
8130;8202
8131;8202
8132;8203
8133;8205
8134;8206
8135;8207
8136;8208
8137;8208
8138;8208
8139;8210
8140;8211
8141;8212
8142;8215
8143;8215
8144;8216
8145;8216
8146;8216
8147;8218
8148;8221
8149;8221
8150;8222
8151;8222
8152;8225
8153;8225
8154;8226
8155;8226
8156;8227
8157;8227
8158;8228
8159;8230
8160;8231
8161;8231
8162;8234
8163;8234
8164;8235
8165;8236
8166;8238
8167;8239
8168;8241
8169;8242
8170;8242
8171;8244
8172;8244
8173;8245
8174;8246
8175;8246
8176;8248
8177;8248
8178;8250
8179;8252
8180;8253
8181;8254
8182;8254
8183;8255
8184;8258
8185;8258
8186;8260
8187;8262
8188;8263
8189;8263
8190;8264
8191;8264
8192;8267
8193;8267
8194;8268
8195;8268
8196;8268
8197;8268
8198;8270
8199;8271
8200;8271
8201;8271
8202;8273
8203;8273
8204;8275
8205;8275
8206;8275
8207;8277
8208;8277
8209;8278
8210;8281
8211;8284
8212;8284
8213;8284
8214;8286
8215;8286
8216;8288
8217;8289
8218;8291
8219;8292
8220;8293
8221;8294
8222;8295
8223;8297
8224;8298
8225;8298
8226;8299
8227;8301
8228;8301
8229;8302
8230;8306
8231;8307
8232;8309
8233;8309
8234;8310
8235;8310
8236;8312
8237;8312
8238;8312
8239;8312
8240;8313
8241;8315
8242;8315
8243;8316
8244;8318
8245;8318
8246;8319
8247;8321
8248;8321
8249;8323
8250;8323
8251;8324
8252;8326
8253;8327
8254;8331
8255;8333
8256;8333
8257;8333
8258;8333
8259;8334
8260;8336
8261;8337
8262;8337
8263;8339
8264;8339
8265;8339
8266;8340
8267;8342
8268;8344
8269;8347
8270;8347
8271;8347
8272;8347
8273;8350
8274;8351
8275;8353
8276;8353
8277;8353
8278;8353
8279;8356
8280;8359
8281;8359
8282;8359
8283;8360
8284;8360
8285;8362
8286;8362
8287;8364
8288;8364
8289;8365
8290;8366
8291;8366
8292;8368
8293;8368
8294;8368
8295;8370
8296;8370
8297;8372
8298;8373
8299;8374
8300;8374
8301;8375
8302;8376
8303;8376
8304;8376
8305;8379
8306;8379
8307;8380
8308;8381
8309;8384
8310;8385
8311;8386
8312;8388
8313;8388
8314;8388
8315;8389
8316;8390
8317;8391
8318;8391
8319;8391
8320;8393
8321;8394
8322;8394
8323;8396
8324;8398
8325;8399
8326;8399
8327;8401
8328;8402
8329;8402
8330;8405
8331;8405
8332;8405
8333;8405
8334;8407
8335;8407
8336;8410
8337;8411
8338;8415
8339;8415
8340;8415
8341;8415
8342;8416
8343;8416
8344;8416
8345;8420
8346;8420
8347;8422
8348;8422
8349;8423
8350;8426
8351;8427
8352;8427
8353;8430
8354;8432
8355;8434
8356;8434
8357;8434
8358;8434
8359;8436
8360;8436
8361;8438
8362;8438
8363;8438
8364;8442
8365;8442
8366;8442
8367;8442
8368;8446
8369;8447
8370;8447
8371;8447
8372;8447
8373;8450
8374;8452
8375;8452
8376;8452
8377;8454
8378;8454
8379;8456
8380;8456
8381;8457
8382;8457
8383;8462
8384;8464
8385;8464
8386;8464
8387;8466
8388;8466
8389;8466
8390;8466
8391;8466
8392;8472
8393;8472
8394;8472
8395;8472
8396;8474
8397;8475
8398;8475
8399;8478
8400;8478
8401;8480
8402;8480
8403;8483
8404;8483
8405;8483
8406;8484
8407;8484
8408;8487
8409;8487
8410;8487
8411;8489
8412;8489
8413;8490
8414;8490
8415;8492
8416;8493
8417;8493
8418;8493
8419;8493
8420;8496
8421;8496
8422;8496
8423;8497
8424;8499
8425;8499
8426;8501
8427;8501
8428;8504
8429;8504
8430;8506
8431;8507
8432;8507
8433;8507
8434;8510
8435;8510
8436;8511
8437;8511
8438;8514
8439;8514
8440;8516
8441;8516
8442;8517
8443;8517
8444;8518
8445;8518
8446;8518
8447;8519
8448;8521
8449;8523
8450;8524
8451;8524
8452;8526
8453;8526
8454;8526
8455;8526
8456;8528
8457;8531
8458;8532
8459;8532
8460;8533
8461;8533
8462;8534
8463;8535
8464;8536
8465;8537
8466;8537
8467;8537
8468;8539
8469;8540
8470;8544
8471;8544
8472;8544
8473;8545
8474;8546
8475;8551
8476;8552
8477;8553
8478;8553
8479;8557
8480;8557
8481;8557
8482;8557
8483;8557
8484;8557
8485;8559
8486;8563
8487;8567
8488;8567
8489;8567
8490;8568
8491;8569
8492;8569
8493;8570
8494;8570
8495;8570
8496;8570
8497;8571
8498;8573
8499;8573
8500;8573
8501;8573
8502;8573
8503;8574
8504;8575
8505;8578
8506;8578
8507;8578
8508;8584
8509;8584
8510;8584
8511;8586
8512;8586
8513;8586
8514;8589
8515;8589
8516;8590
8517;8590
8518;8590
8519;8593
8520;8593
8521;8595
8522;8596
8523;8596
8524;8597
8525;8598
8526;8598
8527;8600
8528;8600
8529;8602
8530;8602
8531;8604
8532;8605
8533;8606
8534;8606
8535;8610
8536;8610
8537;8610
8538;8611
8539;8613
8540;8613
8541;8613
8542;8613
8543;8617
8544;8619
8545;8619
8546;8620
8547;8620
8548;8620
8549;8623
8550;8624
8551;8627
8552;8628
8553;8628
8554;8628
8555;8629
8556;8631
8557;8631
8558;8631
8559;8631
8560;8632
8561;8633
8562;8633
8563;8635
8564;8636
8565;8640
8566;8640
8567;8640
8568;8640
8569;8641
8570;8642
8571;8643
8572;8643
8573;8645
8574;8646
8575;8648
8576;8648
8577;8650
8578;8650
8579;8652
8580;8652
8581;8654
8582;8654
8583;8654
8584;8656
8585;8658
8586;8658
8587;8658
8588;8661
8589;8661
8590;8661
8591;8663
8592;8664
8593;8664
8594;8666
8595;8667
8596;8667
8597;8669
8598;8670
8599;8670
8600;8670
8601;8673
8602;8675
8603;8675
8604;8678
8605;8678
8606;8679
8607;8679
8608;8680
8609;8681
8610;8682
8611;8682
8612;8683
8613;8685
8614;8685
8615;8685
8616;8685
8617;8687
8618;8688
8619;8690
8620;8690
8621;8693
8622;8693
8623;8695
8624;8695
8625;8696
8626;8696
8627;8698
8628;8699
8629;8700
8630;8700
8631;8702
8632;8705
8633;8705
8634;8705
8635;8706
8636;8707
8637;8709
8638;8709
8639;8712
8640;8712
8641;8716
8642;8718
8643;8718
8644;8719
8645;8719
8646;8720
8647;8727
8648;8727
8649;8728
8650;8728
8651;8730
8652;8730
8653;8731
8654;8731
8655;8731
8656;8733
8657;8733
8658;8734
8659;8735
8660;8737
8661;8739
8662;8739
8663;8739
8664;8739
8665;8742
8666;8742
8667;8743
8668;8746
8669;8748
8670;8748
8671;8750
8672;8752
8673;8752
8674;8754
8675;8754
8676;8756
8677;8756
8678;8756
8679;8756
8680;8756
8681;8759
8682;8759
8683;8761
8684;8761
8685;8761
8686;8762
8687;8762
8688;8763
8689;8763
8690;8764
8691;8764
8692;8768
8693;8769
8694;8769
8695;8774
8696;8774
8697;8774
8698;8775
8699;8775
8700;8777
8701;8777
8702;8779
8703;8779
8704;8779
8705;8779
8706;8781
8707;8786
8708;8786
8709;8787
8710;8787
8711;8787
8712;8789
8713;8792
8714;8792
8715;8792
8716;8794
8717;8794
8718;8797
8719;8797
8720;8799
8721;8800
8722;8801
8723;8802
8724;8802
8725;8802
8726;8802
8727;8802
8728;8804
8729;8804
8730;8804
8731;8808
8732;8808
8733;8809
8734;8809
8735;8810
8736;8811
8737;8813
8738;8813
8739;8815
8740;8815
8741;8815
8742;8817
8743;8817
8744;8818
8745;8818
8746;8818
8747;8818
8748;8820
8749;8821
8750;8823
8751;8823
8752;8824
8753;8825
8754;8826
8755;8826
8756;8827
8757;8828
8758;8829
8759;8829
8760;8830
8761;8832
8762;8832
8763;8834
8764;8836
8765;8836
8766;8837
8767;8838
8768;8838
8769;8839
8770;8841
8771;8841
8772;8843
8773;8844
8774;8844
8775;8848
8776;8848
8777;8848
8778;8850
8779;8850
8780;8852
8781;8852
8782;8853
8783;8854
8784;8854
8785;8857
8786;8857
8787;8858
8788;8860
8789;8860
8790;8862
8791;8862
8792;8864
8793;8864
8794;8864
8795;8866
8796;8866
8797;8869
8798;8869
8799;8870
8800;8871
8801;8872
8802;8875
8803;8875
8804;8876
8805;8876
8806;8877
8807;8879
8808;8879
8809;8882
8810;8885
8811;8885
8812;8886
8813;8886
8814;8890
8815;8890
8816;8891
8817;8891
8818;8891
8819;8893
8820;8893
8821;8893
8822;8896
8823;8898
8824;8900
8825;8900
8826;8900
8827;8901
8828;8902
8829;8902
8830;8904
8831;8905
8832;8905
8833;8905
8834;8906
8835;8908
8836;8908
8837;8911
8838;8911
8839;8912
8840;8912
8841;8914
8842;8915
8843;8916
8844;8917
8845;8917
8846;8918
8847;8920
8848;8921
8849;8921
8850;8924
8851;8924
8852;8925
8853;8925
8854;8927
8855;8931
8856;8931
8857;8931
8858;8933
8859;8933
8860;8933
8861;8935
8862;8935
8863;8936
8864;8937
8865;8938
8866;8938
8867;8939
8868;8940
8869;8943
8870;8943
8871;8944
8872;8945
8873;8947
8874;8948
8875;8949
8876;8949
8877;8950
8878;8950
8879;8952
8880;8956
8881;8956
8882;8956
8883;8960
8884;8961
8885;8961
8886;8961
8887;8963
8888;8963
8889;8963
8890;8963
8891;8965
8892;8966
8893;8966
8894;8967
8895;8967
8896;8970
8897;8970
8898;8971
8899;8973
8900;8973
8901;8974
8902;8975
8903;8976
8904;8979
8905;8979
8906;8980
8907;8980
8908;8981
8909;8981
8910;8981
8911;8985
8912;8985
8913;8985
8914;8986
8915;8989
8916;8991
8917;8991
8918;8992
8919;8992
8920;8993
8921;8994
8922;8995
8923;8996
8924;8996
8925;8998
8926;8998
8927;8998
